0 (261)
1 (366)
2 (434)
3 (319)
4 (351)
5 (302)
6 (180)
7 (86)
8 (828)
9 (53)
10 (178)
11 (13)
12 (901)
13 (77)
14 (119)
15 (166)
16 (93)
17 (136)
18 (275)
19 (113)
20 (68)
21 (718)
22 (127)
23 (33)
24 (119)
25 (499)
26 (223)
27 (429)
28 (210)
29 (11)
30 (54)
31 (437)
32 (388)
33 (285)
34 (90)
35 (379)
36 (135)
37 (194)
38 (426)
39 (334)
40 (97)
41 (272)
42 (70)
43 (483)
44 (96)
45 (681)
46 (349)
48 (313)
49 (128)
51 (461)
52 (144)
53 (439)
54 (453)
55 (619)
56 (119)
57 (279)
58 (236)
59 (72)
60 (29)
61 (118)
62 (75)
63 (25)
64 (275)
65 (27)
66 (30)
67 (80)
68 (319)
69 (562)
70 (608)
71 (665)
72 (705)
73 (756)
74 (115)
75 (450)
76 (59)
77 (115)
78 (250)
79 (80)
80 (174)
81 (57)
82 (556)
83 (61)
84 (19)
85 (266)
86 (135)
88 (269)
89 (250)
90 (173)
91 (97)
92 (18)
93 (565)
94 (178)
95 (157)
96 (370)
97 (528)
98 (112)
99 (26)
100 (451)
101 (15)
102 (107)
103 (209)
104 (385)
105 (271)
106 (28)
107 (60)
108 (213)
110 (774)
111 (426)
112 (542)
114 (158)
115 (510)
116 (473)
117 (118)
118 (499)
120 (113)
121 (76)
122 (294)
123 (140)
124 (76)
125 (324)
126 (195)
127 (267)
128 (201)
129 (470)
130 (489)
131 (130)
132 (414)
134 (29)
135 (12)
136 (136)
137 (94)
138 (190)
139 (131)
140 (693)
141 (171)
142 (178)
143 (266)
144 (83)
145 (108)
146 (154)
147 (171)
149 (11)
150 (37)
151 (645)
152 (69)
153 (36)
154 (347)
155 (265)
156 (202)
157 (191)
158 (358)
159 (474)
160 (146)
161 (749)
162 (435)
163 (208)
164 (144)
165 (197)
166 (17)
167 (89)
168 (370)
169 (79)
170 (108)
171 (425)
172 (144)
173 (105)
174 (55)
175 (439)
176 (195)
177 (614)
178 (113)
179 (62)
180 (407)
181 (254)
182 (73)
183 (638)
185 (243)
186 (133)
187 (235)
188 (138)
189 (123)
190 (155)
191 (26)
192 (352)
193 (221)
194 (173)
195 (30)
196 (780)
197 (383)
198 (356)
199 (33)
200 (18)
201 (338)
202 (117)
203 (266)
204 (610)
205 (902)
206 (108)
207 (413)
208 (388)
209 (114)
210 (207)
211 (14)
212 (169)
213 (14)
214 (191)
215 (206)
216 (429)
217 (107)
218 (109)
219 (49)
220 (68)
221 (24)
222 (97)
223 (86)
224 (368)
225 (46)
226 (240)
227 (530)
228 (17)
229 (640)
230 (196)
231 (28)
233 (10)
234 (540)
235 (69)
236 (599)
237 (38)
238 (28)
239 (643)
240 (219)
241 (128)
242 (371)
243 (137)
244 (88)
245 (53)
246 (137)
247 (31)
248 (28)
249 (199)
251 (17)
252 (63)
254 (137)
255 (105)
256 (102)
257 (208)
258 (245)
259 (483)
260 (38)
261 (79)
262 (185)
263 (213)
264 (37)
265 (230)
266 (599)
267 (85)
268 (296)
269 (90)
270 (170)
271 (19)
272 (156)
273 (93)
274 (462)
275 (485)
276 (561)
277 (203)
278 (234)
279 (731)
280 (577)
281 (142)
282 (51)
283 (727)
285 (353)
286 (152)
287 (89)
288 (43)
289 (75)
290 (336)
293 (61)
294 (488)
295 (285)
296 (510)
297 (71)
298 (170)
299 (167)
300 (363)
301 (25)
302 (35)
303 (24)
304 (214)
305 (121)
306 (273)
307 (339)
308 (398)
309 (231)
310 (341)
311 (99)
312 (30)
313 (40)
314 (152)
315 (230)
316 (405)
317 (64)
318 (184)
319 (474)
320 (308)
321 (229)
322 (471)
323 (83)
324 (19)
325 (41)
326 (636)
327 (78)
328 (375)
329 (64)
330 (40)
331 (49)
332 (215)
333 (213)
334 (701)
335 (326)
336 (262)
337 (37)
338 (264)
339 (493)
340 (62)
342 (58)
343 (422)
344 (46)
345 (277)
346 (367)
347 (268)
348 (293)
349 (444)
350 (631)
351 (343)
352 (397)
353 (80)
354 (596)
355 (325)
356 (137)
357 (189)
358 (175)
359 (60)
360 (257)
361 (282)
362 (861)
363 (52)
364 (255)
365 (20)
366 (264)
367 (142)
368 (155)
369 (165)
370 (150)
371 (167)
372 (120)
373 (416)
374 (116)
375 (120)
376 (100)
377 (656)
378 (389)
379 (209)
380 (44)
381 (882)
382 (15)
383 (135)
384 (167)
385 (335)
387 (363)
388 (129)
389 (13)
390 (399)
391 (23)
392 (220)
393 (68)
394 (119)
395 (349)
396 (133)
397 (210)
400 (356)
401 (643)
402 (197)
403 (289)
404 (21)
405 (423)
406 (81)
407 (118)
408 (168)
409 (73)
410 (30)
411 (352)
412 (246)
413 (480)
414 (288)
415 (303)
416 (29)
417 (199)
418 (98)
419 (780)
420 (64)
421 (360)
422 (584)
423 (177)
424 (298)
426 (59)
427 (615)
428 (67)
429 (29)
430 (171)
431 (101)
432 (115)
436 (125)
437 (165)
438 (107)
439 (55)
440 (505)
441 (106)
442 (130)
443 (494)
446 (27)
447 (195)
448 (46)
449 (477)
450 (774)
451 (35)
452 (34)
453 (128)
454 (61)
455 (21)
456 (198)
458 (79)
459 (168)
460 (803)
461 (297)
462 (52)
463 (56)
464 (80)
465 (79)
466 (85)
467 (399)
468 (278)
469 (197)
470 (783)
471 (235)
472 (602)
473 (47)
474 (432)
475 (110)
476 (97)
477 (102)
478 (242)
480 (701)
481 (59)
482 (123)
483 (145)
484 (160)
485 (65)
486 (328)
487 (386)
488 (14)
489 (761)
490 (262)
491 (179)
492 (442)
493 (36)
494 (783)
495 (86)
496 (263)
498 (199)
499 (56)
