0, 8, 145, 165 (10)
0, 8, 145, 298 (10)
0, 8, 165, 298 (10)
0, 27, 89, 129 (14)
0, 27, 89, 475 (14)
0, 27, 89, 498 (15)
0, 27, 129, 475 (13)
0, 27, 129, 498 (14)
0, 27, 475, 498 (14)
0, 35, 428, 438 (10)
0, 65, 71, 110 (14)
0, 65, 71, 307 (14)
0, 65, 71, 328 (14)
0, 65, 71, 338 (14)
0, 65, 71, 401 (14)
0, 65, 110, 307 (14)
0, 65, 110, 328 (14)
0, 65, 110, 338 (14)
0, 65, 110, 401 (14)
0, 65, 307, 328 (14)
0, 65, 307, 338 (14)
0, 65, 307, 401 (14)
0, 65, 328, 338 (14)
0, 65, 328, 401 (14)
0, 65, 338, 401 (14)
0, 71, 110, 307 (14)
0, 71, 110, 328 (14)
0, 71, 110, 338 (14)
0, 71, 110, 401 (14)
0, 71, 307, 328 (14)
0, 71, 307, 338 (14)
0, 71, 307, 401 (14)
0, 71, 328, 338 (14)
0, 71, 328, 401 (14)
0, 71, 338, 401 (14)
0, 89, 129, 475 (13)
0, 89, 129, 498 (14)
0, 89, 475, 498 (14)
0, 110, 307, 328 (14)
0, 110, 307, 338 (14)
0, 110, 307, 401 (14)
0, 110, 328, 338 (14)
0, 110, 328, 401 (14)
0, 110, 338, 401 (14)
0, 129, 475, 498 (13)
0, 145, 165, 298 (10)
0, 295, 450, 467 (14)
0, 295, 450, 494 (12)
0, 295, 467, 494 (12)
0, 307, 328, 338 (14)
0, 307, 328, 401 (14)
0, 307, 338, 401 (14)
0, 328, 338, 401 (14)
0, 450, 467, 494 (13)
0, 477, 485, 489 (11)
1, 3, 180, 183 (13)
1, 3, 180, 189 (13)
1, 3, 180, 368 (13)
1, 3, 183, 189 (13)
1, 3, 183, 368 (13)
1, 3, 189, 368 (13)
1, 27, 38, 145 (12)
1, 27, 38, 332 (12)
1, 27, 38, 415 (12)
1, 27, 38, 422 (13)
1, 27, 38, 449 (12)
1, 27, 145, 332 (12)
1, 27, 145, 415 (12)
1, 27, 145, 422 (13)
1, 27, 145, 449 (11)
1, 27, 332, 415 (12)
1, 27, 332, 422 (13)
1, 27, 332, 449 (11)
1, 27, 415, 422 (13)
1, 27, 415, 449 (11)
1, 27, 422, 449 (12)
1, 38, 145, 332 (11)
1, 38, 145, 415 (11)
1, 38, 145, 422 (12)
1, 38, 145, 449 (11)
1, 38, 332, 415 (11)
1, 38, 332, 422 (12)
1, 38, 332, 449 (11)
1, 38, 415, 422 (12)
1, 38, 415, 449 (11)
1, 38, 422, 449 (12)
1, 51, 276, 403 (10)
1, 110, 118, 204 (10)
1, 110, 118, 207 (10)
1, 110, 118, 222 (10)
1, 110, 118, 474 (10)
1, 110, 204, 207 (10)
1, 110, 204, 222 (10)
1, 110, 204, 474 (11)
1, 110, 207, 222 (10)
1, 110, 207, 474 (10)
1, 110, 222, 474 (10)
1, 118, 204, 207 (10)
1, 118, 204, 222 (10)
1, 118, 204, 474 (10)
1, 118, 207, 222 (10)
1, 118, 207, 474 (10)
1, 118, 222, 474 (10)
1, 127, 175, 279 (15)
1, 127, 175, 381 (14)
1, 127, 175, 414 (15)
1, 127, 175, 427 (15)
1, 127, 175, 428 (15)
1, 127, 279, 381 (15)
1, 127, 279, 414 (16)
1, 127, 279, 427 (16)
1, 127, 279, 428 (16)
1, 127, 381, 414 (15)
1, 127, 381, 427 (15)
1, 127, 381, 428 (15)
1, 127, 414, 427 (16)
1, 127, 414, 428 (16)
1, 127, 427, 428 (16)
1, 145, 332, 415 (11)
1, 145, 332, 422 (12)
1, 145, 332, 449 (10)
1, 145, 415, 422 (12)
1, 145, 415, 449 (10)
1, 145, 422, 449 (11)
1, 169, 269, 308 (13)
1, 169, 269, 470 (13)
1, 169, 308, 470 (13)
1, 175, 279, 381 (14)
1, 175, 279, 414 (15)
1, 175, 279, 427 (16)
1, 175, 279, 428 (15)
1, 175, 381, 414 (14)
1, 175, 381, 427 (14)
1, 175, 381, 428 (14)
1, 175, 414, 427 (15)
1, 175, 414, 428 (15)
1, 175, 427, 428 (15)
1, 180, 183, 189 (13)
1, 180, 183, 368 (13)
1, 180, 189, 368 (13)
1, 183, 189, 368 (13)
1, 204, 207, 222 (10)
1, 204, 207, 474 (10)
1, 204, 222, 474 (10)
1, 207, 222, 474 (10)
1, 269, 308, 470 (13)
1, 279, 381, 414 (15)
1, 279, 381, 427 (15)
1, 279, 381, 428 (15)
1, 279, 414, 427 (16)
1, 279, 414, 428 (16)
1, 279, 427, 428 (16)
1, 332, 415, 422 (12)
1, 332, 415, 449 (10)
1, 332, 422, 449 (11)
1, 381, 414, 427 (16)
1, 381, 414, 428 (15)
1, 381, 427, 428 (15)
1, 414, 427, 428 (16)
1, 415, 422, 449 (11)
2, 25, 319, 343 (12)
2, 25, 319, 494 (11)
2, 25, 343, 494 (11)
2, 187, 227, 286 (10)
2, 187, 227, 328 (10)
2, 187, 286, 328 (10)
2, 193, 334, 460 (10)
2, 196, 295, 421 (10)
2, 196, 295, 489 (12)
2, 196, 421, 489 (10)
2, 227, 286, 328 (10)
2, 295, 421, 489 (12)
2, 319, 343, 494 (12)
3, 8, 67, 94 (16)
3, 8, 67, 450 (16)
3, 8, 94, 450 (18)
3, 34, 276, 343 (13)
3, 34, 276, 381 (13)
3, 34, 276, 423 (12)
3, 34, 276, 480 (11)
3, 34, 343, 381 (14)
3, 34, 343, 423 (14)
3, 34, 343, 480 (13)
3, 34, 381, 423 (13)
3, 34, 381, 480 (12)
3, 34, 423, 480 (12)
3, 51, 205, 390 (10)
3, 67, 94, 450 (17)
3, 85, 217, 321 (12)
3, 85, 217, 352 (11)
3, 85, 321, 352 (12)
3, 123, 234, 305 (12)
3, 123, 234, 322 (12)
3, 123, 234, 387 (12)
3, 123, 305, 322 (12)
3, 123, 305, 387 (13)
3, 123, 322, 387 (12)
3, 180, 183, 189 (14)
3, 180, 183, 368 (14)
3, 180, 189, 368 (14)
3, 183, 189, 368 (14)
3, 217, 321, 352 (12)
3, 234, 305, 322 (13)
3, 234, 305, 387 (13)
3, 234, 322, 387 (13)
3, 276, 343, 381 (19)
3, 276, 343, 423 (18)
3, 276, 343, 480 (17)
3, 276, 381, 423 (18)
3, 276, 381, 480 (17)
3, 276, 423, 480 (16)
3, 305, 322, 387 (13)
3, 343, 381, 423 (19)
3, 343, 381, 480 (19)
3, 343, 423, 480 (18)
3, 346, 397, 440 (13)
3, 381, 423, 480 (17)
4, 31, 161, 368 (10)
4, 31, 161, 453 (10)
4, 39, 161, 453 (10)
4, 55, 68, 315 (10)
4, 55, 68, 439 (11)
4, 55, 315, 439 (11)
4, 68, 315, 439 (11)
4, 78, 379, 483 (10)
4, 81, 117, 328 (10)
4, 81, 117, 471 (10)
4, 81, 328, 471 (10)
4, 96, 140, 494 (10)
4, 117, 328, 471 (10)
4, 161, 368, 453 (13)
4, 214, 259, 385 (10)
4, 214, 259, 496 (13)
4, 214, 385, 496 (11)
4, 259, 385, 496 (11)
5, 68, 85, 275 (10)
5, 112, 180, 355 (17)
5, 112, 268, 320 (11)
5, 112, 268, 381 (11)
5, 112, 320, 362 (10)
5, 112, 320, 381 (12)
5, 112, 362, 381 (10)
5, 268, 320, 362 (10)
5, 268, 320, 381 (12)
5, 268, 362, 381 (10)
5, 320, 362, 381 (11)
6, 71, 145, 197 (10)
6, 114, 116, 266 (10)
6, 114, 116, 480 (10)
6, 114, 266, 480 (11)
6, 116, 266, 480 (11)
6, 140, 145, 197 (10)
6, 140, 145, 205 (12)
6, 140, 145, 239 (12)
6, 140, 145, 419 (12)
6, 140, 145, 475 (12)
6, 140, 197, 205 (11)
6, 140, 197, 239 (11)
6, 140, 197, 419 (12)
6, 140, 197, 475 (11)
6, 140, 205, 239 (13)
6, 140, 205, 419 (13)
6, 140, 205, 475 (13)
6, 140, 239, 419 (13)
6, 140, 239, 475 (13)
6, 140, 419, 475 (13)
6, 145, 197, 205 (13)
6, 145, 197, 239 (11)
6, 145, 197, 419 (12)
6, 145, 197, 475 (11)
6, 145, 205, 239 (13)
6, 145, 205, 419 (13)
6, 145, 205, 475 (13)
6, 145, 239, 419 (13)
6, 145, 239, 475 (13)
6, 145, 419, 475 (13)
6, 197, 205, 239 (12)
6, 197, 205, 419 (12)
6, 197, 205, 475 (12)
6, 197, 239, 419 (12)
6, 197, 239, 475 (12)
6, 197, 419, 475 (12)
6, 205, 239, 419 (14)
6, 205, 239, 475 (14)
6, 205, 419, 475 (14)
6, 239, 419, 475 (14)
7, 172, 183, 274 (10)
7, 172, 183, 440 (10)
7, 172, 183, 467 (10)
7, 172, 274, 440 (10)
7, 172, 274, 467 (10)
7, 172, 440, 467 (10)
7, 183, 274, 440 (10)
7, 183, 274, 467 (10)
7, 183, 440, 467 (10)
7, 274, 440, 467 (10)
8, 18, 31, 296 (10)
8, 31, 144, 458 (10)
8, 31, 144, 477 (10)
8, 31, 162, 296 (10)
8, 31, 458, 477 (11)
8, 39, 56, 274 (13)
8, 39, 108, 263 (13)
8, 39, 108, 306 (13)
8, 39, 108, 345 (12)
8, 39, 108, 498 (13)
8, 39, 263, 306 (14)
8, 39, 263, 345 (13)
8, 39, 263, 498 (13)
8, 39, 306, 345 (13)
8, 39, 306, 498 (13)
8, 39, 345, 498 (12)
8, 43, 192, 266 (13)
8, 43, 192, 290 (13)
8, 43, 192, 320 (13)
8, 43, 266, 290 (13)
8, 43, 266, 320 (13)
8, 43, 290, 320 (14)
8, 56, 75, 81 (13)
8, 56, 75, 460 (14)
8, 56, 81, 460 (13)
8, 63, 201, 332 (12)
8, 63, 201, 350 (12)
8, 63, 201, 362 (11)
8, 63, 201, 381 (12)
8, 63, 201, 477 (11)
8, 63, 332, 350 (12)
8, 63, 332, 362 (11)
8, 63, 332, 381 (12)
8, 63, 332, 477 (11)
8, 63, 350, 362 (11)
8, 63, 350, 381 (12)
8, 63, 350, 477 (11)
8, 63, 362, 381 (11)
8, 63, 362, 477 (11)
8, 63, 381, 477 (11)
8, 67, 94, 450 (17)
8, 75, 81, 460 (15)
8, 78, 217, 390 (10)
8, 108, 127, 418 (10)
8, 108, 263, 306 (13)
8, 108, 263, 345 (12)
8, 108, 263, 498 (13)
8, 108, 306, 345 (12)
8, 108, 306, 498 (13)
8, 108, 345, 498 (13)
8, 122, 259, 326 (10)
8, 144, 458, 477 (10)
8, 145, 165, 298 (11)
8, 145, 165, 408 (10)
8, 145, 234, 350 (10)
8, 145, 298, 408 (10)
8, 165, 298, 408 (10)
8, 192, 266, 290 (15)
8, 192, 266, 320 (14)
8, 192, 290, 320 (14)
8, 192, 384, 422 (18)
8, 201, 332, 350 (12)
8, 201, 332, 362 (11)
8, 201, 332, 381 (12)
8, 201, 332, 477 (11)
8, 201, 350, 362 (11)
8, 201, 350, 381 (12)
8, 201, 350, 477 (11)
8, 201, 362, 381 (11)
8, 201, 362, 477 (11)
8, 201, 381, 477 (11)
8, 259, 326, 485 (10)
8, 263, 306, 345 (13)
8, 263, 306, 498 (13)
8, 263, 345, 498 (12)
8, 266, 290, 320 (15)
8, 306, 345, 498 (12)
8, 332, 350, 362 (11)
8, 332, 350, 381 (12)
8, 332, 350, 477 (11)
8, 332, 362, 381 (11)
8, 332, 362, 477 (11)
8, 332, 381, 477 (11)
8, 350, 362, 381 (12)
8, 350, 362, 477 (12)
8, 350, 381, 477 (12)
8, 362, 381, 477 (12)
9, 105, 128, 217 (11)
9, 105, 128, 258 (11)
9, 105, 128, 461 (11)
9, 105, 217, 258 (11)
9, 105, 217, 461 (11)
9, 105, 258, 461 (11)
9, 128, 217, 258 (11)
9, 128, 217, 461 (11)
9, 128, 258, 461 (11)
9, 217, 258, 461 (11)
10, 103, 196, 480 (10)
12, 18, 75, 188 (10)
12, 21, 51, 265 (12)
12, 25, 400, 450 (11)
12, 31, 161, 218 (13)
12, 31, 161, 367 (11)
12, 31, 218, 367 (11)
12, 35, 54, 296 (10)
12, 35, 54, 378 (10)
12, 35, 296, 378 (10)
12, 46, 103, 208 (12)
12, 46, 103, 397 (11)
12, 46, 103, 459 (12)
12, 46, 138, 438 (10)
12, 46, 208, 397 (12)
12, 46, 208, 459 (13)
12, 46, 397, 459 (12)
12, 54, 296, 378 (10)
12, 54, 296, 450 (10)
12, 56, 73, 230 (10)
12, 69, 100, 120 (11)
12, 69, 100, 335 (11)
12, 69, 100, 387 (10)
12, 69, 100, 467 (10)
12, 69, 120, 335 (12)
12, 69, 120, 387 (11)
12, 69, 120, 467 (11)
12, 69, 335, 387 (11)
12, 69, 335, 467 (11)
12, 69, 387, 467 (11)
12, 71, 72, 123 (10)
12, 71, 72, 360 (10)
12, 71, 72, 362 (10)
12, 71, 72, 400 (10)
12, 71, 123, 156 (10)
12, 71, 123, 360 (10)
12, 71, 123, 362 (10)
12, 71, 123, 400 (10)
12, 71, 360, 362 (10)
12, 71, 360, 400 (10)
12, 71, 362, 400 (10)
12, 72, 123, 360 (10)
12, 72, 123, 362 (10)
12, 72, 123, 400 (10)
12, 72, 360, 362 (10)
12, 72, 360, 400 (10)
12, 72, 362, 400 (10)
12, 100, 120, 335 (11)
12, 100, 120, 387 (10)
12, 100, 120, 467 (10)
12, 100, 335, 387 (10)
12, 100, 335, 467 (10)
12, 100, 387, 467 (10)
12, 103, 208, 397 (12)
12, 103, 208, 459 (13)
12, 103, 397, 459 (12)
12, 115, 177, 265 (16)
12, 115, 177, 307 (18)
12, 115, 177, 334 (17)
12, 115, 177, 496 (16)
12, 115, 265, 307 (17)
12, 115, 265, 334 (17)
12, 115, 265, 496 (16)
12, 115, 307, 334 (18)
12, 115, 307, 349 (10)
12, 115, 307, 496 (17)
12, 115, 334, 496 (17)
12, 120, 196, 494 (10)
12, 120, 197, 283 (22)
12, 120, 197, 362 (21)
12, 120, 283, 362 (21)
12, 120, 335, 387 (11)
12, 120, 335, 467 (11)
12, 120, 346, 413 (10)
12, 120, 387, 467 (11)
12, 122, 145, 274 (11)
12, 122, 145, 319 (11)
12, 122, 145, 456 (10)
12, 122, 274, 319 (12)
12, 122, 274, 456 (11)
12, 122, 319, 456 (11)
12, 123, 360, 362 (10)
12, 123, 360, 400 (10)
12, 123, 362, 400 (10)
12, 145, 274, 319 (11)
12, 145, 274, 456 (10)
12, 145, 319, 456 (11)
12, 161, 218, 367 (11)
12, 177, 265, 307 (17)
12, 177, 265, 334 (17)
12, 177, 265, 496 (16)
12, 177, 307, 334 (18)
12, 177, 307, 496 (17)
12, 177, 334, 496 (17)
12, 197, 283, 362 (22)
12, 208, 397, 459 (13)
12, 227, 310, 368 (15)
12, 227, 310, 489 (17)
12, 227, 310, 494 (17)
12, 227, 368, 489 (17)
12, 227, 368, 494 (16)
12, 227, 489, 494 (17)
12, 265, 307, 334 (18)
12, 265, 307, 496 (17)
12, 265, 334, 496 (17)
12, 274, 319, 456 (11)
12, 307, 334, 496 (18)
12, 310, 368, 489 (15)
12, 310, 368, 494 (15)
12, 310, 489, 494 (18)
12, 335, 387, 467 (11)
12, 360, 362, 400 (10)
12, 368, 489, 494 (15)
12, 378, 447, 450 (10)
13, 110, 129, 156 (12)
13, 110, 129, 239 (12)
13, 110, 156, 239 (12)
13, 129, 156, 239 (11)
14, 52, 73, 402 (10)
14, 52, 73, 422 (10)
14, 52, 402, 422 (10)
14, 73, 402, 422 (10)
15, 43, 376, 490 (11)
15, 43, 376, 495 (11)
15, 43, 490, 495 (12)
15, 185, 198, 275 (11)
15, 185, 198, 349 (10)
15, 185, 275, 349 (10)
15, 198, 275, 349 (10)
15, 376, 490, 495 (11)
16, 43, 53, 88 (10)
16, 43, 53, 151 (10)
16, 43, 53, 322 (11)
16, 43, 53, 346 (11)
16, 43, 88, 322 (10)
16, 43, 88, 346 (10)
16, 43, 151, 322 (10)
16, 43, 151, 346 (10)
16, 43, 322, 346 (12)
16, 53, 88, 151 (11)
16, 53, 88, 322 (12)
16, 53, 88, 346 (11)
16, 53, 151, 322 (12)
16, 53, 151, 346 (11)
16, 53, 322, 346 (13)
16, 68, 321, 322 (10)
16, 68, 321, 346 (10)
16, 68, 322, 346 (10)
16, 88, 151, 322 (11)
16, 88, 151, 346 (10)
16, 88, 322, 346 (11)
16, 151, 322, 346 (12)
16, 321, 322, 346 (10)
17, 72, 80, 227 (19)
17, 72, 80, 335 (19)
17, 72, 227, 335 (19)
17, 80, 227, 335 (19)
18, 35, 118, 130 (13)
18, 35, 118, 247 (13)
18, 35, 130, 247 (13)
18, 53, 124, 205 (15)
18, 53, 124, 266 (14)
18, 53, 124, 326 (14)
18, 53, 124, 411 (15)
18, 53, 124, 480 (15)
18, 53, 205, 266 (14)
18, 53, 205, 326 (14)
18, 53, 205, 411 (15)
18, 53, 205, 480 (15)
18, 53, 266, 326 (14)
18, 53, 266, 411 (14)
18, 53, 266, 480 (14)
18, 53, 326, 411 (14)
18, 53, 326, 480 (14)
18, 53, 411, 480 (15)
18, 118, 130, 247 (12)
18, 120, 375, 489 (11)
18, 124, 205, 266 (14)
18, 124, 205, 326 (14)
18, 124, 205, 411 (15)
18, 124, 205, 480 (15)
18, 124, 266, 326 (15)
18, 124, 266, 411 (14)
18, 124, 266, 480 (14)
18, 124, 326, 411 (14)
18, 124, 326, 480 (14)
18, 124, 411, 480 (15)
18, 205, 266, 326 (14)
18, 205, 266, 411 (14)
18, 205, 266, 480 (14)
18, 205, 326, 411 (14)
18, 205, 326, 480 (14)
18, 205, 411, 480 (15)
18, 266, 326, 411 (14)
18, 266, 326, 480 (14)
18, 266, 411, 480 (14)
18, 326, 411, 480 (14)
20, 26, 70, 71 (11)
20, 26, 70, 345 (11)
20, 26, 70, 392 (10)
20, 26, 71, 345 (11)
20, 26, 71, 392 (10)
20, 26, 345, 392 (10)
20, 70, 71, 345 (11)
20, 70, 71, 392 (10)
20, 70, 345, 392 (10)
20, 71, 345, 392 (10)
21, 25, 304, 349 (12)
21, 53, 97, 145 (10)
21, 53, 97, 349 (10)
21, 53, 97, 477 (11)
21, 53, 145, 349 (10)
21, 53, 145, 477 (10)
21, 53, 349, 477 (10)
21, 75, 395, 422 (10)
21, 97, 145, 349 (10)
21, 97, 145, 477 (10)
21, 97, 349, 477 (10)
21, 99, 266, 285 (15)
21, 120, 126, 430 (11)
21, 145, 349, 477 (11)
21, 203, 205, 308 (20)
21, 203, 205, 350 (21)
21, 203, 308, 350 (20)
21, 205, 308, 350 (21)
22, 69, 103, 136 (12)
22, 69, 103, 401 (12)
22, 69, 136, 401 (12)
22, 103, 136, 401 (12)
24, 35, 43, 96 (10)
24, 67, 160, 275 (11)
24, 67, 160, 381 (11)
24, 67, 275, 381 (11)
24, 160, 275, 381 (11)
25, 39, 43, 283 (12)
25, 39, 43, 378 (12)
25, 39, 43, 424 (11)
25, 39, 283, 378 (11)
25, 39, 283, 424 (10)
25, 39, 378, 424 (11)
25, 43, 283, 378 (11)
25, 43, 283, 424 (11)
25, 43, 378, 424 (11)
25, 69, 111, 229 (12)
25, 69, 111, 242 (13)
25, 69, 111, 354 (14)
25, 69, 111, 443 (14)
25, 69, 111, 494 (13)
25, 69, 229, 242 (12)
25, 69, 229, 354 (12)
25, 69, 229, 443 (12)
25, 69, 229, 494 (11)
25, 69, 242, 354 (13)
25, 69, 242, 443 (12)
25, 69, 242, 494 (11)
25, 69, 354, 443 (14)
25, 69, 354, 494 (13)
25, 69, 443, 494 (13)
25, 88, 405, 469 (15)
25, 88, 405, 470 (15)
25, 88, 469, 470 (15)
25, 111, 229, 242 (12)
25, 111, 229, 354 (12)
25, 111, 229, 443 (12)
25, 111, 229, 494 (12)
25, 111, 242, 354 (12)
25, 111, 242, 443 (12)
25, 111, 242, 494 (11)
25, 111, 354, 443 (14)
25, 111, 354, 494 (13)
25, 111, 443, 494 (13)
25, 139, 197, 322 (13)
25, 229, 242, 354 (12)
25, 229, 242, 443 (12)
25, 229, 242, 494 (11)
25, 229, 354, 443 (12)
25, 229, 354, 494 (11)
25, 229, 443, 494 (11)
25, 242, 354, 443 (12)
25, 242, 354, 494 (11)
25, 242, 443, 494 (11)
25, 279, 366, 395 (16)
25, 279, 366, 438 (17)
25, 279, 395, 438 (17)
25, 283, 378, 424 (10)
25, 319, 343, 494 (11)
25, 354, 443, 494 (13)
25, 366, 395, 438 (15)
25, 378, 401, 438 (11)
25, 378, 401, 460 (11)
25, 378, 401, 477 (11)
25, 378, 438, 460 (11)
25, 378, 438, 477 (11)
25, 378, 460, 477 (11)
25, 401, 438, 460 (13)
25, 401, 438, 477 (12)
25, 401, 460, 477 (12)
25, 405, 469, 470 (15)
25, 438, 460, 477 (13)
26, 70, 71, 345 (11)
26, 70, 71, 392 (10)
26, 70, 345, 392 (10)
26, 71, 345, 392 (10)
26, 217, 345, 404 (10)
26, 217, 345, 449 (11)
26, 217, 404, 449 (10)
26, 345, 404, 449 (10)
27, 38, 145, 332 (11)
27, 38, 145, 415 (12)
27, 38, 145, 422 (13)
27, 38, 145, 449 (11)
27, 38, 332, 415 (11)
27, 38, 332, 422 (12)
27, 38, 332, 449 (11)
27, 38, 415, 422 (13)
27, 38, 415, 449 (11)
27, 38, 422, 449 (12)
27, 43, 61, 93 (20)
27, 43, 61, 108 (19)
27, 43, 61, 185 (19)
27, 43, 61, 354 (19)
27, 43, 61, 420 (19)
27, 43, 61, 489 (20)
27, 43, 93, 108 (19)
27, 43, 93, 185 (19)
27, 43, 93, 354 (19)
27, 43, 93, 420 (19)
27, 43, 93, 489 (20)
27, 43, 108, 185 (18)
27, 43, 108, 354 (18)
27, 43, 108, 420 (18)
27, 43, 108, 489 (19)
27, 43, 185, 354 (18)
27, 43, 185, 420 (18)
27, 43, 185, 489 (19)
27, 43, 354, 420 (18)
27, 43, 354, 489 (19)
27, 43, 420, 489 (19)
27, 61, 93, 108 (19)
27, 61, 93, 185 (19)
27, 61, 93, 354 (19)
27, 61, 93, 420 (19)
27, 61, 93, 489 (20)
27, 61, 108, 185 (18)
27, 61, 108, 354 (18)
27, 61, 108, 420 (18)
27, 61, 108, 489 (19)
27, 61, 185, 354 (18)
27, 61, 185, 420 (18)
27, 61, 185, 489 (19)
27, 61, 354, 420 (18)
27, 61, 354, 489 (19)
27, 61, 420, 489 (19)
27, 89, 129, 475 (13)
27, 89, 129, 498 (14)
27, 89, 475, 498 (15)
27, 93, 108, 185 (18)
27, 93, 108, 354 (18)
27, 93, 108, 420 (18)
27, 93, 108, 489 (19)
27, 93, 185, 354 (18)
27, 93, 185, 420 (18)
27, 93, 185, 489 (19)
27, 93, 354, 420 (18)
27, 93, 354, 489 (19)
27, 93, 420, 489 (19)
27, 108, 185, 354 (17)
27, 108, 185, 420 (17)
27, 108, 185, 489 (18)
27, 108, 354, 420 (17)
27, 108, 354, 489 (18)
27, 108, 420, 489 (18)
27, 112, 229, 346 (10)
27, 129, 475, 498 (13)
27, 145, 332, 415 (11)
27, 145, 332, 422 (12)
27, 145, 332, 449 (10)
27, 145, 415, 422 (13)
27, 145, 415, 449 (10)
27, 145, 422, 449 (11)
27, 185, 354, 420 (17)
27, 185, 354, 489 (18)
27, 185, 420, 489 (18)
27, 332, 415, 422 (12)
27, 332, 415, 449 (10)
27, 332, 422, 449 (11)
27, 354, 420, 489 (18)
27, 415, 422, 449 (11)
28, 96, 269, 369 (18)
28, 96, 269, 443 (18)
28, 96, 369, 443 (20)
28, 269, 369, 443 (18)
30, 70, 315, 357 (11)
31, 39, 161, 368 (10)
31, 108, 334, 368 (16)
31, 108, 334, 372 (12)
31, 108, 368, 372 (13)
31, 144, 458, 477 (13)
31, 144, 458, 486 (12)
31, 144, 477, 486 (12)
31, 161, 218, 367 (11)
31, 161, 368, 453 (10)
31, 162, 296, 467 (10)
31, 306, 366, 474 (12)
31, 334, 368, 372 (15)
31, 458, 477, 486 (12)
32, 43, 333, 440 (11)
32, 43, 333, 488 (10)
32, 43, 440, 488 (10)
32, 54, 100, 201 (12)
32, 57, 120, 216 (15)
32, 57, 120, 437 (15)
32, 57, 216, 437 (17)
32, 88, 224, 377 (23)
32, 120, 216, 437 (15)
32, 214, 243, 405 (10)
32, 214, 243, 438 (10)
32, 214, 243, 491 (10)
32, 214, 405, 438 (10)
32, 214, 405, 491 (10)
32, 214, 438, 491 (10)
32, 243, 405, 438 (10)
32, 243, 405, 491 (10)
32, 243, 438, 491 (10)
32, 333, 440, 488 (10)
32, 405, 438, 491 (10)
33, 64, 128, 164 (11)
33, 64, 128, 460 (10)
33, 64, 164, 460 (10)
33, 90, 175, 204 (12)
33, 90, 175, 205 (13)
33, 90, 175, 364 (13)
33, 90, 175, 373 (12)
33, 90, 175, 438 (11)
33, 90, 204, 205 (12)
33, 90, 204, 364 (12)
33, 90, 204, 373 (11)
33, 90, 204, 438 (10)
33, 90, 205, 364 (13)
33, 90, 205, 373 (12)
33, 90, 205, 438 (11)
33, 90, 364, 373 (12)
33, 90, 364, 438 (11)
33, 90, 373, 438 (11)
33, 128, 164, 460 (10)
33, 175, 204, 205 (13)
33, 175, 204, 364 (12)
33, 175, 204, 373 (11)
33, 175, 204, 438 (10)
33, 175, 205, 364 (13)
33, 175, 205, 373 (12)
33, 175, 205, 438 (11)
33, 175, 364, 373 (12)
33, 175, 364, 438 (11)
33, 175, 373, 438 (11)
33, 204, 205, 364 (12)
33, 204, 205, 373 (11)
33, 204, 205, 438 (10)
33, 204, 364, 373 (11)
33, 204, 364, 438 (10)
33, 204, 373, 438 (10)
33, 205, 364, 373 (12)
33, 205, 364, 438 (11)
33, 205, 373, 438 (11)
33, 338, 368, 402 (21)
33, 364, 373, 438 (11)
34, 276, 343, 381 (13)
34, 276, 343, 423 (12)
34, 276, 343, 480 (11)
34, 276, 381, 423 (12)
34, 276, 381, 480 (11)
34, 276, 423, 480 (10)
34, 343, 381, 423 (13)
34, 343, 381, 480 (12)
34, 343, 423, 480 (12)
34, 381, 423, 480 (11)
35, 54, 296, 378 (10)
35, 118, 130, 247 (13)
35, 161, 285, 469 (10)
35, 161, 285, 494 (10)
35, 161, 469, 494 (10)
35, 285, 469, 494 (10)
35, 378, 447, 450 (10)
36, 45, 88, 259 (11)
36, 45, 88, 266 (11)
36, 45, 88, 285 (10)
36, 45, 88, 316 (10)
36, 45, 259, 266 (11)
36, 45, 259, 285 (10)
36, 45, 259, 316 (10)
36, 45, 266, 285 (10)
36, 45, 266, 316 (10)
36, 61, 70, 71 (16)
36, 61, 70, 205 (16)
36, 61, 70, 300 (16)
36, 61, 70, 377 (16)
36, 61, 70, 394 (15)
36, 61, 70, 438 (16)
36, 61, 70, 480 (15)
36, 61, 71, 205 (16)
36, 61, 71, 300 (16)
36, 61, 71, 377 (16)
36, 61, 71, 394 (15)
36, 61, 71, 438 (16)
36, 61, 71, 480 (15)
36, 61, 205, 300 (16)
36, 61, 205, 377 (16)
36, 61, 205, 394 (15)
36, 61, 205, 438 (16)
36, 61, 205, 480 (15)
36, 61, 300, 377 (16)
36, 61, 300, 394 (15)
36, 61, 300, 438 (16)
36, 61, 300, 480 (15)
36, 61, 377, 394 (15)
36, 61, 377, 438 (16)
36, 61, 377, 480 (15)
36, 61, 394, 438 (15)
36, 61, 394, 480 (14)
36, 61, 438, 480 (15)
36, 70, 71, 205 (16)
36, 70, 71, 300 (16)
36, 70, 71, 377 (16)
36, 70, 71, 394 (15)
36, 70, 71, 438 (16)
36, 70, 71, 480 (15)
36, 70, 205, 300 (16)
36, 70, 205, 377 (16)
36, 70, 205, 394 (15)
36, 70, 205, 438 (16)
36, 70, 205, 480 (15)
36, 70, 300, 377 (16)
36, 70, 300, 394 (15)
36, 70, 300, 438 (16)
36, 70, 300, 480 (15)
36, 70, 377, 394 (15)
36, 70, 377, 438 (16)
36, 70, 377, 480 (15)
36, 70, 394, 438 (15)
36, 70, 394, 480 (14)
36, 70, 438, 480 (15)
36, 71, 205, 300 (16)
36, 71, 205, 377 (16)
36, 71, 205, 394 (15)
36, 71, 205, 438 (16)
36, 71, 205, 480 (15)
36, 71, 300, 377 (16)
36, 71, 300, 394 (15)
36, 71, 300, 438 (16)
36, 71, 300, 480 (15)
36, 71, 377, 394 (15)
36, 71, 377, 438 (16)
36, 71, 377, 480 (15)
36, 71, 394, 438 (15)
36, 71, 394, 480 (14)
36, 71, 438, 480 (15)
36, 88, 259, 266 (11)
36, 88, 259, 285 (10)
36, 88, 259, 316 (10)
36, 88, 266, 285 (10)
36, 88, 266, 316 (10)
36, 117, 224, 411 (14)
36, 205, 300, 377 (16)
36, 205, 300, 394 (15)
36, 205, 300, 438 (16)
36, 205, 300, 480 (15)
36, 205, 377, 394 (15)
36, 205, 377, 438 (16)
36, 205, 377, 480 (15)
36, 205, 394, 438 (15)
36, 205, 394, 480 (14)
36, 205, 438, 480 (15)
36, 259, 266, 285 (10)
36, 259, 266, 316 (10)
36, 300, 377, 394 (15)
36, 300, 377, 438 (16)
36, 300, 377, 480 (15)
36, 300, 394, 438 (15)
36, 300, 394, 480 (14)
36, 300, 438, 480 (15)
36, 377, 394, 438 (15)
36, 377, 394, 480 (14)
36, 377, 438, 480 (15)
36, 394, 438, 480 (14)
37, 53, 57, 111 (13)
37, 53, 57, 143 (14)
37, 53, 57, 145 (14)
37, 53, 57, 413 (14)
37, 53, 111, 143 (13)
37, 53, 111, 145 (13)
37, 53, 111, 413 (13)
37, 53, 143, 145 (14)
37, 53, 143, 413 (13)
37, 53, 145, 413 (13)
37, 57, 111, 143 (13)
37, 57, 111, 145 (13)
37, 57, 111, 413 (13)
37, 57, 143, 145 (14)
37, 57, 143, 413 (13)
37, 57, 145, 413 (13)
37, 73, 132, 222 (10)
37, 73, 132, 316 (10)
37, 73, 132, 343 (10)
37, 73, 132, 430 (10)
37, 73, 222, 316 (11)
37, 73, 222, 343 (11)
37, 73, 222, 430 (11)
37, 73, 316, 343 (11)
37, 73, 316, 430 (11)
37, 73, 343, 430 (11)
37, 111, 143, 145 (13)
37, 111, 143, 413 (13)
37, 111, 145, 413 (13)
37, 132, 222, 316 (10)
37, 132, 222, 343 (10)
37, 132, 222, 430 (10)
37, 132, 316, 343 (10)
37, 132, 316, 430 (10)
37, 132, 343, 430 (10)
37, 143, 145, 413 (13)
37, 171, 235, 411 (12)
37, 171, 235, 419 (13)
37, 171, 235, 422 (13)
37, 171, 411, 419 (12)
37, 171, 411, 422 (12)
37, 171, 419, 422 (13)
37, 222, 316, 343 (11)
37, 222, 316, 430 (11)
37, 222, 343, 430 (11)
37, 235, 411, 419 (13)
37, 235, 411, 422 (13)
37, 235, 419, 422 (14)
37, 316, 343, 430 (11)
37, 411, 419, 422 (13)
38, 45, 98, 112 (11)
38, 45, 98, 198 (11)
38, 45, 98, 263 (11)
38, 45, 98, 354 (11)
38, 45, 98, 392 (11)
38, 45, 112, 198 (11)
38, 45, 112, 263 (11)
38, 45, 112, 354 (11)
38, 45, 112, 392 (11)
38, 45, 169, 180 (10)
38, 45, 198, 263 (11)
38, 45, 198, 354 (11)
38, 45, 198, 392 (11)
38, 45, 263, 354 (11)
38, 45, 263, 392 (11)
38, 45, 354, 392 (11)
38, 98, 112, 198 (11)
38, 98, 112, 263 (11)
38, 98, 112, 354 (11)
38, 98, 112, 392 (11)
38, 98, 198, 263 (11)
38, 98, 198, 354 (11)
38, 98, 198, 392 (11)
38, 98, 263, 354 (11)
38, 98, 263, 392 (11)
38, 98, 354, 392 (11)
38, 112, 198, 263 (11)
38, 112, 198, 354 (11)
38, 112, 198, 392 (11)
38, 112, 263, 354 (11)
38, 112, 263, 392 (11)
38, 112, 354, 392 (11)
38, 120, 216, 307 (13)
38, 120, 216, 458 (13)
38, 120, 307, 458 (13)
38, 145, 285, 374 (16)
38, 145, 332, 415 (10)
38, 145, 332, 422 (12)
38, 145, 332, 449 (10)
38, 145, 415, 422 (12)
38, 145, 415, 449 (10)
38, 145, 422, 449 (11)
38, 169, 180, 258 (10)
38, 198, 263, 354 (11)
38, 198, 263, 392 (11)
38, 198, 354, 392 (11)
38, 216, 307, 458 (12)
38, 263, 354, 392 (11)
38, 316, 348, 355 (11)
38, 316, 348, 368 (11)
38, 316, 348, 373 (11)
38, 316, 348, 396 (11)
38, 316, 355, 368 (11)
38, 316, 355, 373 (11)
38, 316, 355, 396 (11)
38, 316, 368, 373 (11)
38, 316, 368, 396 (11)
38, 316, 373, 396 (11)
38, 332, 415, 422 (11)
38, 332, 415, 449 (10)
38, 332, 422, 449 (11)
38, 348, 355, 368 (11)
38, 348, 355, 373 (11)
38, 348, 355, 396 (11)
38, 348, 368, 373 (11)
38, 348, 368, 396 (11)
38, 348, 373, 396 (11)
38, 355, 368, 373 (11)
38, 355, 368, 396 (11)
38, 355, 373, 396 (11)
38, 368, 373, 396 (11)
38, 415, 422, 449 (11)
39, 43, 162, 207 (11)
39, 43, 283, 378 (11)
39, 43, 283, 424 (10)
39, 43, 378, 424 (11)
39, 108, 263, 306 (13)
39, 108, 263, 345 (12)
39, 108, 263, 498 (13)
39, 108, 306, 345 (12)
39, 108, 306, 498 (13)
39, 108, 345, 498 (12)
39, 161, 204, 336 (16)
39, 161, 368, 453 (10)
39, 262, 364, 388 (10)
39, 262, 364, 422 (11)
39, 262, 364, 450 (10)
39, 262, 364, 478 (10)
39, 262, 388, 422 (10)
39, 262, 388, 450 (10)
39, 262, 388, 478 (10)
39, 262, 422, 450 (10)
39, 262, 422, 478 (10)
39, 262, 450, 478 (10)
39, 263, 306, 345 (14)
39, 263, 306, 498 (14)
39, 263, 345, 498 (13)
39, 283, 378, 424 (10)
39, 306, 345, 498 (13)
39, 364, 388, 422 (10)
39, 364, 388, 450 (10)
39, 364, 388, 478 (10)
39, 364, 422, 450 (10)
39, 364, 422, 478 (10)
39, 364, 450, 478 (10)
39, 388, 422, 450 (10)
39, 388, 422, 478 (10)
39, 388, 450, 478 (10)
39, 422, 450, 478 (10)
40, 43, 205, 208 (10)
40, 43, 205, 258 (10)
40, 43, 205, 423 (10)
40, 43, 208, 258 (10)
40, 43, 208, 423 (10)
40, 43, 258, 423 (10)
40, 205, 208, 258 (10)
40, 205, 208, 423 (10)
40, 205, 258, 423 (10)
40, 208, 258, 423 (10)
41, 82, 120, 374 (10)
41, 82, 120, 377 (10)
41, 82, 374, 377 (10)
41, 111, 229, 259 (10)
41, 111, 229, 281 (11)
41, 111, 229, 322 (10)
41, 111, 229, 402 (11)
41, 111, 259, 281 (11)
41, 111, 259, 322 (10)
41, 111, 259, 402 (11)
41, 111, 281, 322 (11)
41, 111, 281, 402 (12)
41, 111, 322, 402 (11)
41, 120, 374, 377 (10)
41, 229, 259, 281 (10)
41, 229, 259, 402 (10)
41, 229, 281, 322 (10)
41, 229, 281, 402 (11)
41, 229, 322, 402 (10)
41, 259, 281, 322 (10)
41, 259, 281, 402 (11)
41, 259, 322, 402 (10)
41, 281, 322, 402 (11)
42, 110, 156, 165 (15)
42, 110, 156, 263 (16)
42, 110, 156, 277 (16)
42, 110, 156, 427 (16)
42, 110, 165, 263 (17)
42, 110, 165, 277 (17)
42, 110, 165, 427 (17)
42, 110, 263, 277 (18)
42, 110, 263, 427 (18)
42, 110, 277, 427 (18)
42, 156, 165, 263 (15)
42, 156, 165, 277 (15)
42, 156, 165, 427 (15)
42, 156, 263, 277 (16)
42, 156, 263, 427 (16)
42, 156, 277, 427 (16)
42, 165, 263, 277 (17)
42, 165, 263, 427 (17)
42, 165, 277, 427 (17)
42, 263, 277, 427 (18)
43, 51, 334, 351 (10)
43, 51, 334, 402 (11)
43, 51, 334, 477 (10)
43, 51, 351, 402 (10)
43, 51, 402, 477 (10)
43, 53, 88, 322 (10)
43, 53, 88, 346 (10)
43, 53, 151, 322 (10)
43, 53, 151, 346 (10)
43, 53, 322, 346 (11)
43, 55, 141, 239 (10)
43, 55, 141, 304 (10)
43, 55, 239, 304 (10)
43, 61, 93, 108 (19)
43, 61, 93, 185 (19)
43, 61, 93, 354 (19)
43, 61, 93, 420 (19)
43, 61, 93, 489 (20)
43, 61, 108, 185 (18)
43, 61, 108, 354 (18)
43, 61, 108, 420 (18)
43, 61, 108, 489 (19)
43, 61, 185, 354 (18)
43, 61, 185, 420 (18)
43, 61, 185, 489 (19)
43, 61, 354, 420 (18)
43, 61, 354, 489 (19)
43, 61, 420, 489 (19)
43, 88, 151, 322 (10)
43, 88, 322, 346 (10)
43, 91, 130, 266 (14)
43, 91, 130, 313 (14)
43, 91, 266, 313 (14)
43, 93, 108, 185 (18)
43, 93, 108, 354 (18)
43, 93, 108, 420 (18)
43, 93, 108, 489 (19)
43, 93, 185, 354 (18)
43, 93, 185, 420 (18)
43, 93, 185, 489 (19)
43, 93, 354, 420 (18)
43, 93, 354, 489 (19)
43, 93, 420, 489 (19)
43, 108, 185, 354 (17)
43, 108, 185, 420 (17)
43, 108, 185, 489 (18)
43, 108, 354, 420 (17)
43, 108, 354, 489 (18)
43, 108, 420, 489 (18)
43, 130, 266, 313 (15)
43, 141, 239, 304 (10)
43, 151, 322, 346 (10)
43, 185, 354, 420 (17)
43, 185, 354, 489 (18)
43, 185, 420, 489 (18)
43, 192, 266, 290 (14)
43, 192, 266, 320 (14)
43, 192, 290, 320 (14)
43, 205, 208, 258 (10)
43, 205, 208, 423 (10)
43, 205, 258, 423 (10)
43, 208, 258, 423 (10)
43, 266, 290, 320 (14)
43, 283, 378, 424 (10)
43, 334, 351, 402 (10)
43, 334, 351, 477 (10)
43, 334, 402, 477 (10)
43, 354, 420, 489 (18)
43, 376, 490, 495 (11)
44, 234, 309, 319 (19)
45, 55, 204, 222 (13)
45, 55, 204, 236 (13)
45, 55, 204, 239 (13)
45, 55, 204, 416 (13)
45, 55, 222, 236 (13)
45, 55, 222, 239 (13)
45, 55, 222, 416 (13)
45, 55, 236, 239 (13)
45, 55, 236, 416 (13)
45, 55, 239, 416 (13)
45, 77, 120, 243 (10)
45, 77, 120, 443 (10)
45, 77, 120, 462 (10)
45, 77, 243, 443 (10)
45, 77, 243, 462 (10)
45, 77, 443, 462 (10)
45, 88, 259, 266 (11)
45, 88, 259, 285 (10)
45, 88, 259, 316 (10)
45, 88, 266, 285 (10)
45, 88, 266, 316 (10)
45, 98, 112, 198 (12)
45, 98, 112, 263 (12)
45, 98, 112, 354 (12)
45, 98, 112, 392 (12)
45, 98, 198, 263 (12)
45, 98, 198, 354 (12)
45, 98, 198, 392 (12)
45, 98, 263, 354 (12)
45, 98, 263, 392 (12)
45, 98, 354, 392 (12)
45, 112, 198, 263 (12)
45, 112, 198, 354 (12)
45, 112, 198, 392 (12)
45, 112, 263, 354 (12)
45, 112, 263, 392 (12)
45, 112, 354, 392 (12)
45, 120, 243, 443 (11)
45, 120, 243, 462 (10)
45, 120, 443, 462 (10)
45, 122, 162, 326 (11)
45, 122, 162, 450 (10)
45, 122, 326, 450 (10)
45, 132, 146, 234 (14)
45, 132, 146, 368 (14)
45, 132, 146, 390 (14)
45, 132, 146, 469 (13)
45, 132, 234, 368 (14)
45, 132, 234, 390 (14)
45, 132, 234, 469 (13)
45, 132, 368, 390 (15)
45, 132, 368, 469 (13)
45, 132, 390, 469 (13)
45, 146, 234, 368 (14)
45, 146, 234, 390 (14)
45, 146, 234, 469 (13)
45, 146, 368, 390 (14)
45, 146, 368, 469 (14)
45, 146, 390, 469 (13)
45, 162, 326, 450 (10)
45, 198, 263, 354 (12)
45, 198, 263, 392 (12)
45, 198, 354, 392 (12)
45, 204, 222, 236 (13)
45, 204, 222, 239 (13)
45, 204, 222, 416 (13)
45, 204, 236, 239 (13)
45, 204, 236, 416 (13)
45, 204, 239, 416 (13)
45, 222, 236, 239 (13)
45, 222, 236, 416 (13)
45, 222, 239, 416 (13)
45, 234, 368, 390 (14)
45, 234, 368, 469 (13)
45, 234, 390, 469 (13)
45, 236, 239, 416 (13)
45, 243, 443, 462 (10)
45, 259, 266, 285 (10)
45, 259, 266, 316 (10)
45, 263, 354, 392 (12)
45, 368, 390, 469 (13)
46, 103, 208, 397 (11)
46, 103, 208, 459 (12)
46, 103, 397, 459 (11)
46, 110, 185, 304 (10)
46, 110, 185, 319 (10)
46, 110, 185, 346 (11)
46, 110, 185, 356 (10)
46, 110, 304, 346 (10)
46, 110, 319, 346 (10)
46, 110, 346, 356 (10)
46, 116, 120, 203 (13)
46, 116, 120, 474 (12)
46, 116, 203, 474 (13)
46, 120, 203, 474 (12)
46, 138, 300, 325 (14)
46, 185, 304, 319 (10)
46, 185, 304, 346 (11)
46, 185, 304, 356 (10)
46, 185, 319, 346 (11)
46, 185, 319, 356 (10)
46, 185, 346, 356 (11)
46, 208, 397, 459 (12)
46, 304, 319, 346 (10)
46, 304, 346, 356 (10)
46, 319, 346, 356 (10)
48, 78, 274, 352 (10)
48, 78, 274, 370 (10)
48, 78, 274, 413 (10)
48, 78, 352, 370 (10)
48, 78, 352, 413 (10)
48, 78, 370, 413 (10)
48, 151, 165, 214 (11)
48, 151, 165, 494 (10)
48, 151, 214, 494 (11)
48, 165, 214, 494 (10)
48, 229, 401, 424 (12)
48, 229, 401, 476 (10)
48, 229, 424, 476 (10)
48, 274, 352, 370 (10)
48, 274, 352, 413 (10)
48, 274, 370, 413 (10)
48, 279, 355, 422 (11)
48, 352, 370, 413 (10)
48, 401, 424, 476 (10)
49, 118, 154, 196 (11)
49, 140, 254, 318 (11)
49, 140, 254, 438 (10)
49, 140, 318, 438 (11)
49, 254, 318, 438 (11)
51, 159, 259, 280 (10)
51, 190, 275, 351 (11)
51, 190, 275, 419 (10)
51, 190, 351, 419 (10)
51, 275, 351, 419 (10)
51, 334, 351, 402 (10)
51, 334, 402, 477 (10)
52, 73, 402, 422 (10)
53, 57, 111, 143 (13)
53, 57, 111, 145 (13)
53, 57, 111, 413 (13)
53, 57, 143, 145 (14)
53, 57, 143, 413 (13)
53, 57, 145, 413 (13)
53, 58, 205, 275 (12)
53, 58, 205, 474 (12)
53, 58, 205, 489 (12)
53, 58, 275, 474 (12)
53, 58, 275, 489 (12)
53, 58, 474, 489 (12)
53, 88, 151, 322 (11)
53, 88, 151, 346 (10)
53, 88, 322, 346 (11)
53, 97, 145, 349 (11)
53, 97, 145, 477 (12)
53, 97, 349, 477 (11)
53, 111, 143, 145 (13)
53, 111, 143, 413 (13)
53, 111, 145, 413 (13)
53, 124, 205, 266 (14)
53, 124, 205, 326 (15)
53, 124, 205, 411 (16)
53, 124, 205, 480 (16)
53, 124, 266, 326 (14)
53, 124, 266, 411 (14)
53, 124, 266, 480 (14)
53, 124, 326, 411 (15)
53, 124, 326, 480 (15)
53, 124, 411, 480 (17)
53, 130, 180, 230 (10)
53, 130, 180, 239 (12)
53, 130, 180, 285 (12)
53, 130, 180, 299 (12)
53, 130, 180, 354 (12)
53, 130, 230, 239 (11)
53, 130, 230, 285 (11)
53, 130, 230, 299 (11)
53, 130, 230, 354 (11)
53, 130, 239, 285 (13)
53, 130, 239, 299 (13)
53, 130, 239, 354 (13)
53, 130, 285, 299 (13)
53, 130, 285, 354 (13)
53, 130, 299, 354 (13)
53, 143, 145, 413 (13)
53, 145, 349, 477 (11)
53, 151, 322, 346 (11)
53, 180, 230, 239 (11)
53, 180, 230, 285 (10)
53, 180, 230, 299 (10)
53, 180, 230, 354 (10)
53, 180, 239, 285 (12)
53, 180, 239, 299 (12)
53, 180, 239, 354 (12)
53, 180, 285, 299 (12)
53, 180, 285, 354 (12)
53, 180, 299, 354 (13)
53, 205, 266, 326 (14)
53, 205, 266, 411 (14)
53, 205, 266, 480 (14)
53, 205, 275, 474 (12)
53, 205, 275, 489 (12)
53, 205, 326, 411 (15)
53, 205, 326, 480 (15)
53, 205, 411, 480 (16)
53, 205, 474, 489 (13)
53, 230, 239, 285 (11)
53, 230, 239, 299 (11)
53, 230, 239, 354 (11)
53, 230, 285, 299 (11)
53, 230, 285, 354 (11)
53, 230, 299, 354 (11)
53, 239, 285, 299 (13)
53, 239, 285, 354 (13)
53, 239, 299, 354 (13)
53, 266, 326, 411 (14)
53, 266, 326, 480 (14)
53, 266, 411, 480 (14)
53, 275, 474, 489 (12)
53, 285, 299, 354 (13)
53, 326, 411, 480 (15)
54, 145, 219, 413 (11)
54, 158, 226, 275 (18)
54, 158, 226, 419 (19)
54, 158, 226, 440 (20)
54, 158, 275, 419 (16)
54, 158, 275, 440 (17)
54, 158, 419, 440 (18)
54, 214, 270, 401 (10)
54, 226, 275, 419 (16)
54, 226, 275, 440 (17)
54, 226, 419, 440 (18)
54, 227, 242, 350 (10)
54, 227, 350, 449 (10)
54, 275, 419, 440 (15)
54, 378, 447, 450 (10)
55, 68, 315, 439 (10)
55, 140, 162, 227 (11)
55, 140, 162, 242 (11)
55, 140, 162, 305 (11)
55, 140, 162, 470 (11)
55, 140, 227, 242 (12)
55, 140, 227, 305 (11)
55, 140, 227, 470 (11)
55, 140, 242, 305 (11)
55, 140, 242, 470 (11)
55, 140, 305, 470 (11)
55, 141, 239, 304 (11)
55, 141, 239, 384 (10)
55, 141, 304, 384 (10)
55, 162, 227, 242 (11)
55, 162, 227, 305 (11)
55, 162, 227, 470 (12)
55, 162, 242, 305 (11)
55, 162, 242, 470 (11)
55, 162, 305, 470 (11)
55, 204, 222, 236 (13)
55, 204, 222, 239 (13)
55, 204, 222, 416 (13)
55, 204, 236, 239 (13)
55, 204, 236, 416 (13)
55, 204, 239, 416 (13)
55, 222, 236, 239 (13)
55, 222, 236, 416 (13)
55, 222, 239, 416 (13)
55, 227, 242, 305 (11)
55, 227, 242, 470 (11)
55, 227, 287, 294 (12)
55, 227, 287, 309 (13)
55, 227, 294, 309 (13)
55, 227, 305, 470 (11)
55, 236, 239, 416 (13)
55, 239, 304, 384 (11)
55, 242, 305, 470 (11)
55, 273, 276, 345 (10)
55, 276, 345, 384 (10)
55, 285, 427, 449 (18)
55, 287, 294, 309 (12)
56, 75, 81, 460 (14)
57, 111, 143, 145 (13)
57, 111, 143, 413 (13)
57, 111, 145, 413 (13)
57, 120, 216, 437 (15)
57, 143, 145, 413 (13)
58, 205, 275, 474 (12)
58, 205, 275, 489 (12)
58, 205, 474, 489 (12)
58, 275, 474, 489 (12)
60, 93, 208, 280 (11)
60, 93, 208, 294 (11)
60, 93, 208, 368 (11)
60, 93, 280, 294 (12)
60, 93, 280, 368 (12)
60, 93, 294, 368 (12)
60, 208, 280, 294 (13)
60, 208, 280, 368 (13)
60, 208, 294, 368 (13)
60, 280, 294, 368 (14)
61, 70, 71, 205 (16)
61, 70, 71, 300 (16)
61, 70, 71, 377 (16)
61, 70, 71, 394 (15)
61, 70, 71, 438 (16)
61, 70, 71, 480 (15)
61, 70, 205, 300 (16)
61, 70, 205, 377 (16)
61, 70, 205, 394 (15)
61, 70, 205, 438 (16)
61, 70, 205, 480 (15)
61, 70, 300, 377 (16)
61, 70, 300, 394 (15)
61, 70, 300, 438 (16)
61, 70, 300, 480 (15)
61, 70, 377, 394 (15)
61, 70, 377, 438 (16)
61, 70, 377, 480 (15)
61, 70, 394, 438 (15)
61, 70, 394, 480 (14)
61, 70, 438, 480 (15)
61, 71, 205, 300 (16)
61, 71, 205, 377 (16)
61, 71, 205, 394 (15)
61, 71, 205, 438 (16)
61, 71, 205, 480 (15)
61, 71, 300, 377 (16)
61, 71, 300, 394 (15)
61, 71, 300, 438 (16)
61, 71, 300, 480 (15)
61, 71, 377, 394 (15)
61, 71, 377, 438 (16)
61, 71, 377, 480 (15)
61, 71, 394, 438 (15)
61, 71, 394, 480 (14)
61, 71, 438, 480 (15)
61, 93, 108, 185 (18)
61, 93, 108, 354 (18)
61, 93, 108, 420 (18)
61, 93, 108, 489 (19)
61, 93, 185, 354 (18)
61, 93, 185, 420 (18)
61, 93, 185, 489 (19)
61, 93, 354, 420 (18)
61, 93, 354, 489 (19)
61, 93, 420, 489 (19)
61, 108, 185, 354 (17)
61, 108, 185, 420 (17)
61, 108, 185, 489 (18)
61, 108, 354, 420 (17)
61, 108, 354, 489 (18)
61, 108, 420, 489 (18)
61, 145, 227, 229 (12)
61, 145, 227, 239 (12)
61, 145, 227, 486 (12)
61, 145, 229, 239 (12)
61, 145, 229, 486 (12)
61, 145, 239, 486 (12)
61, 185, 354, 420 (17)
61, 185, 354, 489 (18)
61, 185, 420, 489 (18)
61, 205, 300, 377 (16)
61, 205, 300, 394 (15)
61, 205, 300, 438 (16)
61, 205, 300, 480 (15)
61, 205, 377, 394 (15)
61, 205, 377, 438 (16)
61, 205, 377, 480 (15)
61, 205, 394, 438 (15)
61, 205, 394, 480 (14)
61, 205, 438, 480 (15)
61, 227, 229, 239 (12)
61, 227, 229, 486 (12)
61, 227, 239, 486 (12)
61, 229, 239, 486 (12)
61, 300, 377, 394 (15)
61, 300, 377, 438 (16)
61, 300, 377, 480 (15)
61, 300, 394, 438 (15)
61, 300, 394, 480 (14)
61, 300, 438, 480 (15)
61, 354, 420, 489 (18)
61, 377, 394, 438 (15)
61, 377, 394, 480 (14)
61, 377, 438, 480 (15)
61, 394, 438, 480 (14)
63, 201, 332, 350 (14)
63, 201, 332, 362 (13)
63, 201, 332, 381 (14)
63, 201, 332, 477 (13)
63, 201, 350, 362 (13)
63, 201, 350, 381 (14)
63, 201, 350, 477 (13)
63, 201, 362, 381 (13)
63, 201, 362, 477 (13)
63, 201, 381, 477 (13)
63, 332, 350, 362 (13)
63, 332, 350, 381 (14)
63, 332, 350, 477 (13)
63, 332, 362, 381 (13)
63, 332, 362, 477 (13)
63, 332, 381, 477 (13)
63, 350, 362, 381 (13)
63, 350, 362, 477 (13)
63, 350, 381, 477 (13)
63, 362, 381, 477 (13)
64, 128, 164, 460 (10)
65, 71, 110, 307 (14)
65, 71, 110, 328 (14)
65, 71, 110, 338 (14)
65, 71, 110, 401 (14)
65, 71, 307, 328 (14)
65, 71, 307, 338 (14)
65, 71, 307, 401 (14)
65, 71, 328, 338 (14)
65, 71, 328, 401 (14)
65, 71, 338, 401 (14)
65, 110, 307, 328 (14)
65, 110, 307, 338 (14)
65, 110, 307, 401 (14)
65, 110, 328, 338 (14)
65, 110, 328, 401 (14)
65, 110, 338, 401 (14)
65, 307, 328, 338 (14)
65, 307, 328, 401 (14)
65, 307, 338, 401 (14)
65, 328, 338, 401 (14)
67, 160, 275, 381 (11)
68, 183, 187, 236 (14)
68, 183, 187, 422 (13)
68, 183, 236, 422 (15)
68, 187, 236, 422 (14)
68, 321, 322, 346 (10)
69, 100, 120, 335 (11)
69, 100, 120, 387 (10)
69, 100, 120, 467 (10)
69, 100, 335, 387 (10)
69, 100, 335, 467 (10)
69, 100, 387, 467 (10)
69, 103, 136, 401 (12)
69, 111, 229, 242 (12)
69, 111, 229, 354 (12)
69, 111, 229, 443 (12)
69, 111, 229, 494 (11)
69, 111, 242, 354 (12)
69, 111, 242, 443 (12)
69, 111, 242, 494 (11)
69, 111, 354, 443 (14)
69, 111, 354, 494 (14)
69, 111, 443, 494 (13)
69, 120, 335, 387 (11)
69, 120, 335, 467 (11)
69, 120, 387, 467 (11)
69, 158, 279, 283 (18)
69, 158, 279, 295 (19)
69, 158, 279, 422 (20)
69, 158, 283, 295 (18)
69, 158, 283, 422 (18)
69, 158, 295, 422 (19)
69, 224, 357, 424 (14)
69, 229, 242, 354 (12)
69, 229, 242, 443 (12)
69, 229, 242, 494 (11)
69, 229, 354, 443 (12)
69, 229, 354, 494 (13)
69, 229, 443, 494 (11)
69, 242, 354, 443 (12)
69, 242, 354, 494 (11)
69, 242, 443, 494 (11)
69, 279, 283, 295 (18)
69, 279, 283, 422 (18)
69, 279, 295, 422 (19)
69, 283, 295, 422 (18)
69, 335, 387, 467 (11)
69, 354, 443, 494 (13)
70, 71, 205, 300 (16)
70, 71, 205, 377 (16)
70, 71, 205, 394 (15)
70, 71, 205, 438 (16)
70, 71, 205, 480 (15)
70, 71, 300, 377 (16)
70, 71, 300, 394 (15)
70, 71, 300, 438 (16)
70, 71, 300, 480 (15)
70, 71, 345, 392 (10)
70, 71, 377, 394 (15)
70, 71, 377, 438 (17)
70, 71, 377, 480 (15)
70, 71, 394, 438 (15)
70, 71, 394, 480 (14)
70, 71, 438, 480 (15)
70, 73, 122, 160 (12)
70, 73, 122, 368 (13)
70, 73, 122, 400 (13)
70, 73, 160, 368 (14)
70, 73, 160, 400 (13)
70, 73, 368, 400 (14)
70, 95, 145, 147 (10)
70, 95, 145, 205 (10)
70, 95, 147, 205 (11)
70, 95, 147, 360 (10)
70, 95, 147, 423 (10)
70, 95, 205, 360 (10)
70, 95, 205, 423 (10)
70, 95, 360, 423 (10)
70, 122, 160, 368 (12)
70, 122, 160, 400 (12)
70, 122, 368, 400 (13)
70, 130, 143, 159 (12)
70, 130, 143, 177 (13)
70, 130, 143, 240 (13)
70, 130, 143, 393 (12)
70, 130, 159, 177 (12)
70, 130, 159, 240 (12)
70, 130, 159, 393 (11)
70, 130, 177, 240 (13)
70, 130, 177, 393 (12)
70, 130, 240, 393 (12)
70, 143, 159, 177 (13)
70, 143, 159, 240 (13)
70, 143, 159, 393 (12)
70, 143, 177, 240 (14)
70, 143, 177, 393 (13)
70, 143, 240, 393 (13)
70, 145, 147, 205 (10)
70, 145, 162, 202 (13)
70, 145, 162, 217 (12)
70, 145, 162, 310 (14)
70, 145, 162, 461 (14)
70, 145, 202, 217 (10)
70, 145, 202, 310 (12)
70, 145, 202, 461 (12)
70, 145, 205, 423 (10)
70, 145, 217, 310 (12)
70, 145, 217, 461 (12)
70, 145, 310, 461 (14)
70, 147, 205, 360 (10)
70, 147, 205, 423 (11)
70, 147, 360, 423 (10)
70, 159, 177, 240 (13)
70, 159, 177, 393 (12)
70, 159, 240, 393 (12)
70, 160, 368, 400 (13)
70, 162, 202, 217 (11)
70, 162, 202, 310 (13)
70, 162, 202, 461 (13)
70, 162, 217, 310 (13)
70, 162, 217, 461 (13)
70, 162, 310, 461 (15)
70, 177, 240, 393 (13)
70, 202, 217, 310 (11)
70, 202, 217, 461 (11)
70, 202, 310, 461 (13)
70, 205, 300, 377 (16)
70, 205, 300, 394 (15)
70, 205, 300, 438 (16)
70, 205, 300, 480 (15)
70, 205, 360, 423 (10)
70, 205, 377, 394 (15)
70, 205, 377, 438 (16)
70, 205, 377, 480 (15)
70, 205, 394, 438 (16)
70, 205, 394, 480 (14)
70, 205, 438, 480 (15)
70, 208, 220, 468 (17)
70, 217, 310, 461 (13)
70, 276, 315, 357 (11)
70, 300, 377, 394 (15)
70, 300, 377, 438 (16)
70, 300, 377, 480 (15)
70, 300, 394, 438 (15)
70, 300, 394, 480 (14)
70, 300, 438, 480 (15)
70, 377, 394, 438 (15)
70, 377, 394, 480 (14)
70, 377, 438, 480 (15)
70, 394, 438, 480 (14)
71, 72, 123, 360 (10)
71, 72, 123, 362 (10)
71, 72, 123, 400 (10)
71, 72, 360, 362 (10)
71, 72, 360, 400 (11)
71, 72, 362, 400 (10)
71, 82, 279, 350 (11)
71, 98, 114, 407 (10)
71, 98, 114, 419 (10)
71, 98, 114, 459 (10)
71, 98, 407, 419 (11)
71, 98, 407, 459 (11)
71, 98, 419, 459 (11)
71, 104, 132, 161 (13)
71, 104, 132, 234 (13)
71, 104, 132, 350 (13)
71, 104, 132, 421 (11)
71, 104, 132, 459 (11)
71, 104, 161, 234 (14)
71, 104, 161, 350 (13)
71, 104, 161, 421 (14)
71, 104, 161, 459 (12)
71, 104, 234, 350 (13)
71, 104, 234, 421 (12)
71, 104, 234, 459 (11)
71, 104, 350, 421 (11)
71, 104, 350, 459 (11)
71, 104, 421, 459 (10)
71, 110, 307, 328 (14)
71, 110, 307, 338 (14)
71, 110, 307, 401 (15)
71, 110, 328, 338 (14)
71, 110, 328, 401 (14)
71, 110, 338, 401 (14)
71, 114, 407, 419 (10)
71, 114, 407, 459 (10)
71, 114, 419, 459 (10)
71, 123, 360, 362 (11)
71, 123, 360, 400 (10)
71, 123, 362, 400 (10)
71, 132, 161, 234 (13)
71, 132, 161, 350 (13)
71, 132, 161, 421 (11)
71, 132, 161, 459 (11)
71, 132, 234, 350 (13)
71, 132, 234, 421 (11)
71, 132, 234, 459 (11)
71, 132, 350, 421 (11)
71, 132, 350, 459 (11)
71, 161, 234, 350 (13)
71, 161, 234, 421 (12)
71, 161, 234, 459 (11)
71, 161, 242, 280 (12)
71, 161, 242, 368 (12)
71, 161, 242, 421 (13)
71, 161, 242, 427 (13)
71, 161, 280, 368 (13)
71, 161, 280, 421 (15)
71, 161, 280, 427 (13)
71, 161, 350, 421 (12)
71, 161, 350, 459 (11)
71, 161, 368, 421 (14)
71, 161, 368, 427 (13)
71, 161, 421, 427 (14)
71, 161, 421, 459 (10)
71, 205, 300, 377 (16)
71, 205, 300, 394 (16)
71, 205, 300, 438 (16)
71, 205, 300, 480 (15)
71, 205, 377, 394 (15)
71, 205, 377, 438 (16)
71, 205, 377, 480 (15)
71, 205, 394, 438 (15)
71, 205, 394, 480 (14)
71, 205, 438, 480 (15)
71, 234, 350, 421 (11)
71, 234, 350, 459 (11)
71, 242, 280, 368 (12)
71, 242, 280, 421 (13)
71, 242, 280, 427 (13)
71, 242, 368, 421 (13)
71, 242, 368, 427 (13)
71, 242, 421, 427 (14)
71, 280, 368, 421 (13)
71, 280, 368, 427 (13)
71, 280, 421, 427 (15)
71, 300, 377, 394 (15)
71, 300, 377, 438 (16)
71, 300, 377, 480 (15)
71, 300, 394, 438 (15)
71, 300, 394, 480 (14)
71, 300, 438, 480 (15)
71, 307, 328, 338 (14)
71, 307, 328, 401 (14)
71, 307, 338, 401 (14)
71, 328, 338, 401 (14)
71, 360, 362, 400 (10)
71, 368, 421, 427 (14)
71, 377, 394, 438 (15)
71, 377, 394, 480 (14)
71, 377, 438, 480 (15)
71, 394, 438, 480 (14)
71, 407, 419, 459 (11)
72, 75, 201, 307 (11)
72, 80, 227, 335 (19)
72, 103, 163, 242 (11)
72, 103, 163, 285 (10)
72, 103, 242, 285 (11)
72, 123, 360, 362 (10)
72, 123, 360, 400 (10)
72, 123, 362, 400 (10)
72, 132, 285, 294 (11)
72, 132, 285, 395 (10)
72, 132, 294, 395 (11)
72, 163, 242, 285 (11)
72, 266, 290, 357 (15)
72, 266, 290, 427 (15)
72, 266, 357, 427 (15)
72, 285, 294, 395 (10)
72, 290, 357, 427 (15)
72, 323, 353, 400 (10)
72, 323, 353, 483 (10)
72, 323, 400, 483 (10)
72, 353, 400, 483 (10)
72, 360, 362, 400 (10)
73, 82, 100, 125 (13)
73, 82, 100, 470 (12)
73, 82, 100, 477 (12)
73, 82, 100, 489 (13)
73, 82, 125, 470 (12)
73, 82, 125, 477 (12)
73, 82, 125, 489 (13)
73, 82, 470, 477 (11)
73, 82, 470, 489 (12)
73, 82, 477, 489 (14)
73, 97, 335, 449 (10)
73, 100, 125, 470 (13)
73, 100, 125, 477 (13)
73, 100, 125, 489 (14)
73, 100, 470, 477 (12)
73, 100, 470, 489 (13)
73, 100, 477, 489 (13)
73, 110, 120, 381 (10)
73, 110, 120, 443 (10)
73, 122, 160, 368 (12)
73, 122, 160, 400 (12)
73, 122, 368, 400 (13)
73, 125, 470, 477 (13)
73, 125, 470, 489 (14)
73, 125, 477, 489 (14)
73, 132, 222, 316 (11)
73, 132, 222, 343 (11)
73, 132, 222, 430 (11)
73, 132, 316, 343 (11)
73, 132, 316, 430 (11)
73, 132, 343, 430 (11)
73, 140, 263, 494 (10)
73, 146, 226, 352 (13)
73, 146, 226, 450 (11)
73, 146, 352, 450 (11)
73, 160, 368, 400 (13)
73, 222, 316, 343 (12)
73, 222, 316, 430 (12)
73, 222, 343, 430 (12)
73, 226, 352, 450 (11)
73, 316, 343, 430 (12)
73, 470, 477, 489 (13)
74, 266, 427, 442 (12)
75, 118, 258, 268 (10)
75, 118, 258, 460 (10)
75, 118, 268, 460 (10)
75, 196, 276, 470 (12)
75, 196, 276, 474 (12)
75, 196, 470, 474 (12)
75, 258, 268, 460 (10)
75, 276, 470, 474 (12)
77, 120, 243, 443 (10)
77, 120, 243, 462 (10)
77, 120, 443, 462 (10)
77, 158, 350, 440 (10)
77, 243, 443, 462 (10)
77, 268, 401, 470 (10)
77, 277, 294, 326 (12)
77, 277, 294, 400 (13)
77, 277, 326, 400 (11)
77, 294, 326, 400 (13)
78, 198, 256, 418 (10)
78, 274, 352, 370 (11)
78, 274, 352, 413 (11)
78, 274, 370, 413 (11)
78, 350, 472, 494 (10)
78, 352, 370, 413 (11)
79, 286, 308, 319 (11)
79, 286, 308, 381 (11)
79, 286, 308, 400 (12)
79, 286, 308, 467 (12)
79, 286, 319, 400 (14)
79, 286, 319, 467 (11)
79, 286, 381, 400 (10)
79, 286, 381, 467 (10)
79, 286, 400, 467 (11)
79, 308, 319, 400 (10)
79, 308, 319, 467 (11)
79, 308, 381, 400 (10)
79, 308, 381, 467 (10)
79, 308, 400, 467 (11)
79, 319, 400, 467 (10)
79, 326, 436, 491 (10)
80, 116, 346, 370 (11)
80, 116, 346, 478 (11)
80, 116, 370, 478 (11)
80, 120, 240, 352 (10)
80, 120, 240, 464 (10)
80, 120, 352, 464 (10)
80, 240, 352, 464 (10)
80, 346, 370, 478 (12)
81, 117, 328, 471 (10)
81, 280, 310, 379 (11)
81, 280, 310, 390 (11)
81, 280, 379, 390 (11)
81, 310, 379, 390 (12)
82, 85, 321, 343 (15)
82, 85, 321, 492 (15)
82, 85, 343, 492 (15)
82, 96, 171, 181 (16)
82, 96, 171, 216 (20)
82, 96, 181, 216 (17)
82, 97, 175, 309 (10)
82, 97, 175, 377 (10)
82, 97, 175, 461 (10)
82, 97, 175, 494 (10)
82, 97, 309, 377 (10)
82, 97, 309, 461 (10)
82, 97, 309, 494 (10)
82, 97, 377, 461 (10)
82, 97, 377, 494 (11)
82, 97, 461, 494 (11)
82, 100, 125, 470 (14)
82, 100, 125, 477 (13)
82, 100, 125, 489 (15)
82, 100, 470, 477 (12)
82, 100, 470, 489 (14)
82, 100, 477, 489 (13)
82, 120, 374, 377 (10)
82, 125, 470, 477 (12)
82, 125, 470, 489 (14)
82, 125, 477, 489 (13)
82, 142, 196, 460 (11)
82, 171, 181, 216 (17)
82, 175, 309, 377 (10)
82, 175, 309, 461 (10)
82, 175, 309, 494 (10)
82, 175, 377, 461 (10)
82, 175, 377, 494 (10)
82, 175, 461, 494 (10)
82, 286, 368, 460 (12)
82, 286, 368, 484 (11)
82, 286, 460, 484 (11)
82, 309, 377, 461 (10)
82, 309, 377, 494 (10)
82, 309, 461, 494 (10)
82, 321, 343, 492 (17)
82, 368, 460, 484 (11)
82, 377, 461, 494 (11)
82, 470, 477, 489 (13)
85, 217, 321, 352 (12)
85, 321, 343, 492 (16)
86, 224, 294, 492 (12)
88, 140, 145, 401 (13)
88, 151, 322, 346 (10)
88, 168, 330, 354 (10)
88, 259, 266, 285 (10)
88, 259, 266, 316 (10)
88, 259, 285, 316 (10)
88, 405, 469, 470 (16)
89, 129, 475, 498 (13)
89, 163, 217, 266 (15)
89, 163, 217, 465 (15)
89, 163, 217, 478 (15)
89, 163, 217, 489 (15)
89, 163, 266, 465 (16)
89, 163, 266, 478 (16)
89, 163, 266, 489 (16)
89, 163, 465, 478 (16)
89, 163, 465, 489 (16)
89, 163, 478, 489 (16)
89, 216, 334, 483 (24)
89, 217, 266, 465 (16)
89, 217, 266, 478 (17)
89, 217, 266, 489 (16)
89, 217, 465, 478 (16)
89, 217, 465, 489 (16)
89, 217, 478, 489 (16)
89, 266, 465, 478 (17)
89, 266, 465, 489 (17)
89, 266, 478, 489 (17)
89, 465, 478, 489 (17)
90, 175, 204, 205 (13)
90, 175, 204, 364 (12)
90, 175, 204, 373 (11)
90, 175, 204, 438 (11)
90, 175, 205, 364 (14)
90, 175, 205, 373 (12)
90, 175, 205, 438 (12)
90, 175, 364, 373 (13)
90, 175, 364, 438 (11)
90, 175, 373, 438 (11)
90, 204, 205, 364 (12)
90, 204, 205, 373 (11)
90, 204, 205, 438 (11)
90, 204, 364, 373 (11)
90, 204, 364, 438 (10)
90, 204, 373, 438 (10)
90, 205, 364, 373 (13)
90, 205, 364, 438 (11)
90, 205, 373, 438 (11)
90, 364, 373, 438 (11)
91, 118, 378, 495 (10)
91, 130, 266, 313 (14)
91, 143, 216, 217 (13)
91, 143, 216, 241 (12)
91, 143, 216, 249 (10)
91, 143, 216, 286 (13)
91, 143, 216, 290 (12)
91, 143, 217, 241 (12)
91, 143, 217, 249 (10)
91, 143, 217, 286 (13)
91, 143, 217, 290 (12)
91, 143, 241, 249 (10)
91, 143, 241, 286 (12)
91, 143, 241, 290 (11)
91, 143, 249, 286 (10)
91, 143, 249, 290 (10)
91, 143, 286, 290 (12)
91, 216, 217, 241 (12)
91, 216, 217, 249 (10)
91, 216, 217, 286 (13)
91, 216, 217, 290 (12)
91, 216, 241, 286 (13)
91, 216, 241, 290 (12)
91, 216, 249, 286 (10)
91, 216, 249, 290 (10)
91, 216, 286, 290 (13)
91, 217, 241, 286 (12)
91, 217, 241, 290 (11)
91, 217, 249, 286 (10)
91, 217, 249, 290 (10)
91, 217, 286, 290 (12)
91, 241, 286, 290 (12)
91, 249, 286, 290 (10)
93, 108, 185, 354 (17)
93, 108, 185, 420 (17)
93, 108, 185, 489 (18)
93, 108, 354, 420 (17)
93, 108, 354, 489 (18)
93, 108, 420, 489 (18)
93, 161, 384, 440 (22)
93, 185, 354, 420 (17)
93, 185, 354, 489 (18)
93, 185, 420, 489 (18)
93, 208, 280, 294 (12)
93, 208, 280, 368 (12)
93, 208, 294, 368 (12)
93, 224, 315, 443 (17)
93, 224, 315, 472 (17)
93, 224, 443, 472 (17)
93, 280, 294, 368 (13)
93, 283, 304, 431 (10)
93, 315, 443, 472 (17)
93, 354, 420, 489 (18)
95, 145, 147, 205 (10)
95, 147, 205, 360 (10)
95, 147, 205, 423 (10)
95, 147, 360, 423 (10)
95, 205, 360, 423 (10)
95, 206, 373, 437 (12)
95, 206, 373, 472 (12)
95, 206, 437, 472 (13)
95, 209, 342, 498 (11)
95, 373, 437, 472 (12)
96, 140, 202, 239 (10)
96, 140, 239, 477 (10)
96, 171, 181, 216 (17)
96, 190, 202, 239 (10)
96, 202, 229, 239 (10)
96, 202, 239, 477 (10)
96, 204, 310, 322 (18)
96, 204, 310, 359 (17)
96, 204, 322, 359 (16)
96, 269, 369, 443 (18)
96, 310, 322, 359 (17)
97, 145, 349, 477 (11)
97, 168, 229, 381 (15)
97, 175, 309, 377 (10)
97, 175, 309, 461 (10)
97, 175, 309, 494 (10)
97, 175, 377, 461 (10)
97, 175, 377, 494 (10)
97, 175, 461, 494 (10)
97, 226, 276, 300 (10)
97, 226, 276, 335 (10)
97, 226, 276, 449 (10)
97, 226, 300, 335 (10)
97, 226, 300, 449 (10)
97, 226, 335, 449 (10)
97, 276, 300, 335 (10)
97, 276, 300, 449 (10)
97, 276, 335, 449 (10)
97, 300, 335, 449 (10)
97, 309, 377, 461 (10)
97, 309, 377, 494 (10)
97, 309, 461, 494 (10)
97, 377, 461, 494 (11)
98, 112, 198, 263 (12)
98, 112, 198, 354 (12)
98, 112, 198, 392 (12)
98, 112, 263, 354 (12)
98, 112, 263, 392 (12)
98, 112, 354, 392 (12)
98, 114, 407, 419 (10)
98, 114, 407, 459 (10)
98, 114, 419, 459 (10)
98, 198, 263, 354 (12)
98, 198, 263, 392 (12)
98, 198, 354, 392 (12)
98, 263, 354, 392 (12)
98, 407, 419, 459 (11)
100, 120, 335, 387 (10)
100, 120, 335, 467 (10)
100, 120, 387, 467 (10)
100, 125, 470, 477 (14)
100, 125, 470, 489 (15)
100, 125, 477, 489 (15)
100, 208, 229, 244 (12)
100, 208, 229, 379 (12)
100, 208, 244, 379 (12)
100, 229, 244, 379 (12)
100, 335, 387, 467 (10)
100, 470, 477, 489 (13)
103, 163, 242, 285 (11)
103, 208, 397, 459 (12)
103, 236, 266, 351 (13)
104, 122, 321, 421 (13)
104, 131, 207, 443 (19)
104, 131, 207, 489 (19)
104, 131, 443, 489 (19)
104, 132, 161, 234 (14)
104, 132, 161, 350 (14)
104, 132, 161, 421 (12)
104, 132, 161, 459 (12)
104, 132, 234, 350 (14)
104, 132, 234, 421 (13)
104, 132, 234, 459 (12)
104, 132, 350, 421 (12)
104, 132, 350, 459 (12)
104, 132, 421, 459 (10)
104, 161, 234, 350 (14)
104, 161, 234, 421 (14)
104, 161, 234, 459 (12)
104, 161, 350, 421 (12)
104, 161, 350, 459 (13)
104, 161, 421, 459 (11)
104, 201, 427, 450 (12)
104, 207, 443, 489 (23)
104, 234, 350, 421 (12)
104, 234, 350, 459 (12)
104, 234, 421, 459 (10)
104, 350, 421, 459 (10)
105, 112, 120, 154 (16)
105, 112, 120, 343 (17)
105, 112, 120, 360 (17)
105, 112, 120, 405 (16)
105, 112, 120, 419 (15)
105, 112, 154, 343 (16)
105, 112, 154, 360 (16)
105, 112, 154, 405 (15)
105, 112, 154, 419 (14)
105, 112, 343, 360 (17)
105, 112, 343, 405 (16)
105, 112, 343, 419 (15)
105, 112, 360, 405 (16)
105, 112, 360, 419 (15)
105, 112, 405, 419 (14)
105, 120, 154, 343 (17)
105, 120, 154, 360 (17)
105, 120, 154, 405 (16)
105, 120, 154, 419 (15)
105, 120, 343, 360 (18)
105, 120, 343, 405 (18)
105, 120, 343, 419 (16)
105, 120, 360, 405 (17)
105, 120, 360, 419 (16)
105, 120, 405, 419 (16)
105, 128, 217, 258 (11)
105, 128, 217, 461 (11)
105, 128, 258, 461 (11)
105, 154, 343, 360 (17)
105, 154, 343, 405 (16)
105, 154, 343, 419 (16)
105, 154, 360, 405 (16)
105, 154, 360, 419 (15)
105, 154, 405, 419 (14)
105, 161, 234, 482 (11)
105, 217, 258, 461 (11)
105, 258, 279, 349 (10)
105, 343, 360, 405 (17)
105, 343, 360, 419 (16)
105, 343, 405, 419 (15)
105, 360, 405, 419 (15)
108, 185, 354, 420 (16)
108, 185, 354, 489 (17)
108, 185, 420, 489 (17)
108, 263, 306, 345 (12)
108, 263, 306, 498 (13)
108, 263, 345, 498 (12)
108, 306, 345, 498 (12)
108, 334, 368, 372 (14)
108, 354, 420, 489 (17)
108, 417, 443, 480 (14)
110, 112, 114, 307 (10)
110, 112, 114, 408 (10)
110, 112, 307, 408 (10)
110, 114, 307, 408 (11)
110, 118, 204, 207 (10)
110, 118, 204, 222 (10)
110, 118, 204, 474 (10)
110, 118, 207, 222 (10)
110, 118, 207, 474 (10)
110, 118, 222, 474 (10)
110, 129, 156, 239 (12)
110, 156, 165, 263 (16)
110, 156, 165, 277 (16)
110, 156, 165, 427 (16)
110, 156, 263, 277 (18)
110, 156, 263, 427 (18)
110, 156, 277, 427 (18)
110, 165, 263, 277 (18)
110, 165, 263, 427 (18)
110, 165, 277, 427 (18)
110, 185, 304, 346 (10)
110, 185, 319, 346 (10)
110, 185, 346, 356 (10)
110, 204, 207, 222 (10)
110, 204, 207, 474 (10)
110, 204, 222, 474 (10)
110, 207, 217, 372 (11)
110, 207, 217, 406 (13)
110, 207, 222, 474 (10)
110, 207, 372, 406 (12)
110, 217, 368, 440 (10)
110, 217, 372, 406 (11)
110, 263, 277, 427 (20)
110, 267, 326, 470 (20)
110, 267, 326, 477 (20)
110, 267, 470, 477 (20)
110, 287, 471, 477 (16)
110, 307, 328, 338 (14)
110, 307, 328, 401 (14)
110, 307, 338, 401 (14)
110, 326, 470, 477 (20)
110, 328, 338, 401 (14)
111, 143, 145, 413 (13)
111, 229, 242, 354 (12)
111, 229, 242, 443 (12)
111, 229, 242, 494 (11)
111, 229, 259, 281 (10)
111, 229, 259, 402 (10)
111, 229, 281, 322 (10)
111, 229, 281, 402 (11)
111, 229, 322, 402 (10)
111, 229, 354, 443 (12)
111, 229, 354, 494 (11)
111, 229, 443, 494 (11)
111, 242, 354, 443 (12)
111, 242, 354, 494 (11)
111, 242, 443, 494 (11)
111, 259, 281, 322 (10)
111, 259, 281, 402 (11)
111, 259, 322, 402 (10)
111, 281, 322, 402 (11)
111, 281, 419, 477 (14)
111, 354, 443, 494 (13)
112, 114, 307, 408 (10)
112, 120, 154, 343 (16)
112, 120, 154, 360 (16)
112, 120, 154, 405 (15)
112, 120, 154, 419 (14)
112, 120, 241, 377 (10)
112, 120, 343, 360 (17)
112, 120, 343, 405 (16)
112, 120, 343, 419 (16)
112, 120, 360, 405 (16)
112, 120, 360, 419 (15)
112, 120, 377, 443 (10)
112, 120, 405, 419 (15)
112, 122, 350, 368 (13)
112, 154, 343, 360 (16)
112, 154, 343, 405 (15)
112, 154, 343, 419 (14)
112, 154, 360, 405 (15)
112, 154, 360, 419 (14)
112, 154, 405, 419 (13)
112, 183, 236, 280 (13)
112, 183, 236, 308 (12)
112, 183, 236, 368 (13)
112, 183, 280, 308 (12)
112, 183, 280, 368 (14)
112, 183, 308, 368 (12)
112, 198, 263, 354 (12)
112, 198, 263, 392 (12)
112, 198, 354, 392 (12)
112, 236, 280, 308 (14)
112, 236, 280, 368 (16)
112, 236, 308, 368 (15)
112, 263, 354, 392 (12)
112, 268, 320, 381 (11)
112, 280, 308, 368 (16)
112, 320, 362, 381 (10)
112, 343, 360, 405 (16)
112, 343, 360, 419 (15)
112, 343, 405, 419 (15)
112, 360, 405, 419 (14)
114, 116, 266, 480 (10)
114, 204, 266, 326 (13)
114, 236, 259, 332 (10)
114, 236, 259, 364 (10)
114, 236, 332, 364 (10)
114, 407, 419, 459 (10)
115, 177, 265, 307 (16)
115, 177, 265, 334 (17)
115, 177, 265, 496 (15)
115, 177, 307, 334 (17)
115, 177, 307, 496 (16)
115, 177, 334, 496 (16)
115, 196, 207, 366 (11)
115, 196, 207, 368 (11)
115, 196, 249, 285 (14)
115, 196, 249, 289 (15)
115, 196, 249, 362 (15)
115, 196, 249, 443 (15)
115, 196, 249, 470 (15)
115, 196, 285, 289 (16)
115, 196, 285, 362 (16)
115, 196, 285, 443 (16)
115, 196, 285, 470 (16)
115, 196, 289, 362 (17)
115, 196, 289, 443 (17)
115, 196, 289, 470 (17)
115, 196, 362, 443 (17)
115, 196, 362, 470 (17)
115, 196, 366, 368 (12)
115, 196, 443, 470 (17)
115, 197, 239, 362 (13)
115, 207, 366, 368 (12)
115, 236, 315, 377 (12)
115, 236, 315, 474 (13)
115, 236, 377, 474 (14)
115, 249, 285, 289 (14)
115, 249, 285, 362 (14)
115, 249, 285, 443 (14)
115, 249, 285, 470 (14)
115, 249, 289, 362 (15)
115, 249, 289, 443 (15)
115, 249, 289, 470 (15)
115, 249, 362, 443 (15)
115, 249, 362, 470 (15)
115, 249, 443, 470 (15)
115, 265, 307, 334 (17)
115, 265, 307, 496 (16)
115, 265, 334, 496 (16)
115, 283, 358, 397 (13)
115, 283, 358, 472 (14)
115, 283, 397, 472 (13)
115, 285, 289, 362 (16)
115, 285, 289, 443 (16)
115, 285, 289, 470 (16)
115, 285, 362, 443 (16)
115, 285, 362, 470 (16)
115, 285, 443, 470 (16)
115, 289, 362, 443 (17)
115, 289, 362, 470 (17)
115, 289, 443, 470 (17)
115, 307, 334, 496 (17)
115, 315, 377, 474 (15)
115, 358, 397, 472 (13)
115, 362, 443, 470 (17)
116, 120, 203, 474 (13)
116, 145, 411, 461 (22)
116, 145, 411, 494 (20)
116, 145, 461, 494 (20)
116, 346, 370, 478 (11)
116, 411, 461, 494 (22)
118, 143, 381, 395 (11)
118, 143, 381, 489 (11)
118, 143, 395, 489 (11)
118, 204, 207, 222 (10)
118, 204, 207, 474 (10)
118, 204, 222, 474 (10)
118, 207, 222, 474 (10)
118, 258, 268, 460 (10)
118, 307, 334, 349 (10)
118, 381, 395, 489 (11)
118, 401, 440, 494 (11)
120, 132, 160, 350 (12)
120, 132, 160, 419 (11)
120, 132, 160, 438 (12)
120, 132, 160, 490 (12)
120, 132, 350, 419 (12)
120, 132, 350, 438 (12)
120, 132, 350, 490 (12)
120, 132, 419, 438 (12)
120, 132, 419, 490 (11)
120, 132, 438, 490 (12)
120, 144, 294, 343 (25)
120, 154, 343, 360 (17)
120, 154, 343, 405 (16)
120, 154, 343, 419 (15)
120, 154, 360, 405 (16)
120, 154, 360, 419 (15)
120, 154, 405, 419 (14)
120, 158, 275, 278 (11)
120, 158, 275, 494 (12)
120, 158, 278, 494 (11)
120, 160, 350, 419 (11)
120, 160, 350, 438 (12)
120, 160, 350, 490 (12)
120, 160, 419, 438 (11)
120, 160, 419, 490 (11)
120, 160, 438, 490 (12)
120, 168, 183, 204 (10)
120, 168, 183, 239 (10)
120, 168, 183, 266 (10)
120, 168, 204, 239 (10)
120, 168, 204, 266 (10)
120, 168, 239, 266 (10)
120, 190, 322, 367 (11)
120, 190, 322, 414 (11)
120, 190, 322, 486 (11)
120, 190, 322, 490 (11)
120, 190, 367, 414 (11)
120, 190, 367, 486 (11)
120, 190, 367, 490 (11)
120, 190, 414, 486 (11)
120, 190, 414, 490 (11)
120, 190, 486, 490 (11)
120, 192, 344, 362 (10)
120, 197, 283, 362 (21)
120, 216, 307, 458 (12)
120, 240, 352, 464 (10)
120, 243, 443, 462 (10)
120, 255, 319, 354 (10)
120, 270, 371, 441 (11)
120, 275, 278, 494 (11)
120, 322, 367, 414 (11)
120, 322, 367, 486 (11)
120, 322, 367, 490 (11)
120, 322, 414, 486 (11)
120, 322, 414, 490 (11)
120, 322, 486, 490 (11)
120, 335, 387, 467 (11)
120, 343, 360, 405 (17)
120, 343, 360, 419 (16)
120, 343, 405, 419 (15)
120, 350, 419, 438 (16)
120, 350, 419, 490 (12)
120, 350, 438, 490 (12)
120, 360, 405, 419 (15)
120, 367, 414, 486 (11)
120, 367, 414, 490 (11)
120, 367, 486, 490 (11)
120, 414, 486, 490 (11)
120, 419, 438, 490 (11)
122, 145, 274, 319 (11)
122, 145, 274, 456 (10)
122, 145, 319, 456 (10)
122, 160, 368, 400 (12)
122, 162, 326, 450 (10)
122, 274, 319, 456 (11)
123, 234, 305, 322 (12)
123, 234, 305, 387 (13)
123, 234, 322, 387 (12)
123, 305, 322, 387 (12)
123, 360, 362, 400 (10)
124, 205, 266, 326 (14)
124, 205, 266, 411 (14)
124, 205, 266, 480 (14)
124, 205, 326, 411 (15)
124, 205, 326, 480 (15)
124, 205, 411, 480 (16)
124, 266, 326, 411 (14)
124, 266, 326, 480 (14)
124, 266, 411, 480 (14)
124, 326, 411, 480 (15)
125, 154, 298, 371 (11)
125, 242, 296, 328 (17)
125, 242, 296, 368 (17)
125, 242, 328, 368 (17)
125, 279, 356, 438 (11)
125, 296, 328, 368 (17)
125, 470, 477, 489 (14)
127, 175, 279, 381 (14)
127, 175, 279, 414 (15)
127, 175, 279, 427 (15)
127, 175, 279, 428 (15)
127, 175, 381, 414 (14)
127, 175, 381, 427 (14)
127, 175, 381, 428 (14)
127, 175, 414, 427 (15)
127, 175, 414, 428 (15)
127, 175, 427, 428 (15)
127, 279, 381, 414 (15)
127, 279, 381, 427 (15)
127, 279, 381, 428 (15)
127, 279, 414, 427 (16)
127, 279, 414, 428 (16)
127, 279, 427, 428 (16)
127, 381, 414, 427 (16)
127, 381, 414, 428 (15)
127, 381, 427, 428 (15)
127, 414, 427, 428 (16)
128, 175, 440, 450 (14)
128, 217, 258, 461 (11)
130, 143, 159, 177 (12)
130, 143, 159, 240 (12)
130, 143, 159, 393 (11)
130, 143, 177, 240 (13)
130, 143, 177, 393 (12)
130, 143, 240, 393 (12)
130, 156, 266, 276 (10)
130, 156, 266, 356 (10)
130, 156, 266, 390 (10)
130, 156, 276, 356 (10)
130, 156, 276, 390 (10)
130, 156, 356, 390 (10)
130, 159, 177, 240 (12)
130, 159, 177, 393 (11)
130, 159, 240, 393 (11)
130, 177, 240, 393 (12)
130, 180, 230, 239 (11)
130, 180, 230, 285 (11)
130, 180, 230, 299 (11)
130, 180, 230, 354 (11)
130, 180, 239, 285 (13)
130, 180, 239, 299 (13)
130, 180, 239, 354 (13)
130, 180, 285, 299 (13)
130, 180, 285, 354 (13)
130, 180, 299, 354 (13)
130, 230, 239, 285 (12)
130, 230, 239, 299 (12)
130, 230, 239, 354 (12)
130, 230, 285, 299 (12)
130, 230, 285, 354 (12)
130, 230, 299, 354 (12)
130, 239, 285, 299 (14)
130, 239, 285, 354 (14)
130, 239, 299, 354 (14)
130, 266, 276, 356 (10)
130, 266, 276, 390 (10)
130, 266, 356, 390 (11)
130, 276, 356, 390 (10)
130, 285, 299, 354 (14)
131, 207, 443, 489 (21)
132, 145, 322, 346 (17)
132, 145, 322, 365 (19)
132, 145, 322, 408 (17)
132, 145, 322, 474 (17)
132, 145, 346, 365 (18)
132, 145, 346, 408 (17)
132, 145, 346, 474 (15)
132, 145, 365, 408 (18)
132, 145, 365, 474 (17)
132, 145, 408, 474 (15)
132, 146, 234, 368 (14)
132, 146, 234, 390 (14)
132, 146, 234, 469 (13)
132, 146, 368, 390 (14)
132, 146, 368, 469 (13)
132, 146, 390, 469 (13)
132, 160, 350, 419 (11)
132, 160, 350, 438 (12)
132, 160, 350, 490 (12)
132, 160, 419, 438 (11)
132, 160, 419, 490 (11)
132, 160, 438, 490 (12)
132, 161, 234, 350 (14)
132, 161, 234, 421 (12)
132, 161, 234, 459 (12)
132, 161, 350, 421 (12)
132, 161, 350, 459 (12)
132, 161, 421, 459 (11)
132, 222, 316, 343 (11)
132, 222, 316, 430 (11)
132, 222, 343, 430 (11)
132, 234, 350, 421 (12)
132, 234, 350, 459 (12)
132, 234, 368, 390 (14)
132, 234, 368, 469 (13)
132, 234, 390, 469 (13)
132, 234, 421, 459 (10)
132, 285, 294, 395 (10)
132, 316, 343, 430 (11)
132, 322, 346, 365 (17)
132, 322, 346, 408 (16)
132, 322, 346, 474 (15)
132, 322, 365, 408 (17)
132, 322, 365, 474 (17)
132, 322, 408, 474 (15)
132, 346, 365, 408 (17)
132, 346, 365, 474 (15)
132, 346, 408, 474 (14)
132, 350, 419, 438 (11)
132, 350, 419, 490 (11)
132, 350, 421, 459 (10)
132, 350, 438, 490 (12)
132, 364, 450, 472 (15)
132, 365, 408, 474 (15)
132, 368, 390, 469 (13)
132, 419, 438, 490 (11)
138, 140, 167, 319 (10)
140, 145, 197, 205 (12)
140, 145, 197, 239 (11)
140, 145, 197, 419 (11)
140, 145, 197, 475 (11)
140, 145, 205, 239 (15)
140, 145, 205, 419 (13)
140, 145, 205, 475 (13)
140, 145, 239, 419 (13)
140, 145, 239, 475 (13)
140, 145, 419, 475 (13)
140, 162, 227, 242 (11)
140, 162, 227, 305 (11)
140, 162, 227, 470 (11)
140, 162, 242, 305 (11)
140, 162, 242, 470 (11)
140, 162, 305, 470 (11)
140, 190, 202, 229 (10)
140, 190, 202, 239 (11)
140, 190, 202, 477 (10)
140, 190, 229, 239 (10)
140, 190, 239, 477 (10)
140, 197, 205, 239 (12)
140, 197, 205, 419 (12)
140, 197, 205, 475 (12)
140, 197, 239, 419 (12)
140, 197, 239, 475 (12)
140, 197, 419, 475 (12)
140, 202, 229, 239 (11)
140, 202, 229, 477 (10)
140, 202, 239, 477 (11)
140, 205, 239, 419 (15)
140, 205, 239, 475 (14)
140, 205, 419, 475 (14)
140, 224, 300, 302 (12)
140, 224, 300, 470 (10)
140, 224, 302, 470 (10)
140, 227, 242, 305 (11)
140, 227, 242, 470 (11)
140, 227, 305, 470 (11)
140, 229, 239, 477 (10)
140, 239, 419, 475 (14)
140, 242, 305, 470 (11)
140, 254, 318, 438 (10)
140, 300, 302, 470 (11)
141, 239, 304, 384 (10)
142, 145, 385, 467 (14)
143, 159, 177, 240 (13)
143, 159, 177, 393 (12)
143, 159, 240, 393 (12)
143, 177, 240, 393 (13)
143, 216, 217, 241 (12)
143, 216, 217, 249 (10)
143, 216, 217, 286 (13)
143, 216, 217, 290 (12)
143, 216, 241, 286 (12)
143, 216, 241, 290 (11)
143, 216, 249, 286 (10)
143, 216, 249, 290 (10)
143, 216, 286, 290 (12)
143, 217, 241, 286 (12)
143, 217, 241, 290 (11)
143, 217, 249, 286 (10)
143, 217, 249, 290 (10)
143, 217, 286, 290 (12)
143, 241, 286, 290 (11)
143, 249, 286, 290 (10)
143, 381, 395, 489 (11)
144, 458, 477, 486 (12)
145, 162, 202, 217 (12)
145, 162, 202, 310 (14)
145, 162, 202, 461 (13)
145, 162, 217, 310 (13)
145, 162, 217, 461 (13)
145, 162, 310, 461 (15)
145, 165, 298, 408 (10)
145, 183, 207, 315 (12)
145, 183, 207, 422 (11)
145, 183, 315, 422 (11)
145, 197, 205, 239 (12)
145, 197, 205, 419 (12)
145, 197, 205, 475 (12)
145, 197, 239, 419 (12)
145, 197, 239, 475 (12)
145, 197, 419, 475 (12)
145, 202, 217, 310 (11)
145, 202, 217, 461 (10)
145, 202, 310, 461 (13)
145, 205, 239, 419 (15)
145, 205, 239, 475 (14)
145, 205, 419, 475 (14)
145, 207, 315, 422 (11)
145, 210, 361, 367 (12)
145, 210, 361, 373 (12)
145, 210, 361, 494 (12)
145, 210, 367, 373 (12)
145, 210, 367, 494 (12)
145, 210, 373, 494 (12)
145, 217, 310, 461 (12)
145, 227, 229, 239 (12)
145, 227, 229, 486 (12)
145, 227, 239, 486 (12)
145, 229, 239, 486 (12)
145, 239, 419, 475 (14)
145, 259, 314, 393 (10)
145, 274, 319, 456 (10)
145, 318, 368, 412 (13)
145, 318, 368, 427 (13)
145, 318, 368, 460 (15)
145, 318, 368, 474 (13)
145, 318, 412, 427 (12)
145, 318, 412, 460 (13)
145, 318, 412, 474 (12)
145, 318, 427, 460 (14)
145, 318, 427, 474 (13)
145, 318, 460, 474 (13)
145, 322, 346, 365 (17)
145, 322, 346, 408 (16)
145, 322, 346, 474 (15)
145, 322, 365, 408 (17)
145, 322, 365, 474 (17)
145, 322, 408, 474 (15)
145, 332, 415, 422 (11)
145, 332, 422, 449 (10)
145, 346, 365, 408 (17)
145, 346, 365, 474 (15)
145, 346, 408, 474 (14)
145, 361, 367, 373 (13)
145, 361, 367, 494 (13)
145, 361, 373, 494 (13)
145, 365, 408, 474 (15)
145, 367, 373, 494 (13)
145, 368, 412, 427 (13)
145, 368, 412, 460 (14)
145, 368, 412, 474 (13)
145, 368, 427, 460 (16)
145, 368, 427, 474 (14)
145, 368, 460, 474 (14)
145, 411, 461, 494 (20)
145, 412, 427, 460 (13)
145, 412, 427, 474 (13)
145, 412, 460, 474 (13)
145, 415, 422, 449 (10)
145, 427, 460, 474 (14)
146, 226, 352, 450 (11)
146, 234, 368, 390 (14)
146, 234, 368, 469 (13)
146, 234, 390, 469 (13)
146, 368, 390, 469 (13)
147, 205, 360, 423 (10)
151, 157, 450, 470 (11)
151, 165, 214, 494 (10)
151, 203, 227, 299 (12)
151, 203, 227, 326 (10)
151, 203, 299, 326 (10)
151, 227, 299, 326 (10)
152, 161, 285, 469 (10)
152, 161, 285, 494 (10)
152, 161, 469, 494 (10)
152, 285, 469, 494 (10)
154, 274, 275, 470 (15)
154, 274, 275, 480 (16)
154, 274, 470, 480 (16)
154, 275, 470, 480 (16)
154, 343, 360, 405 (16)
154, 343, 360, 419 (15)
154, 343, 405, 419 (14)
154, 360, 405, 419 (14)
155, 196, 205, 207 (25)
155, 196, 205, 290 (24)
155, 196, 207, 290 (25)
155, 205, 207, 290 (24)
156, 165, 263, 277 (16)
156, 165, 263, 427 (16)
156, 165, 277, 427 (16)
156, 198, 279, 477 (12)
156, 263, 277, 427 (18)
156, 266, 276, 356 (11)
156, 266, 276, 390 (11)
156, 266, 356, 390 (11)
156, 276, 356, 390 (11)
158, 159, 210, 312 (10)
158, 226, 275, 419 (17)
158, 226, 275, 440 (17)
158, 226, 419, 440 (18)
158, 275, 278, 494 (11)
158, 275, 419, 440 (15)
158, 279, 283, 295 (19)
158, 279, 283, 422 (19)
158, 279, 295, 422 (20)
158, 283, 295, 422 (19)
159, 177, 240, 393 (12)
159, 191, 277, 394 (10)
159, 217, 368, 403 (10)
159, 259, 280, 412 (10)
159, 277, 280, 418 (10)
159, 280, 394, 418 (10)
160, 350, 419, 438 (11)
160, 350, 419, 490 (11)
160, 350, 438, 490 (12)
160, 419, 438, 490 (11)
161, 217, 308, 477 (13)
161, 234, 350, 421 (12)
161, 234, 350, 459 (12)
161, 234, 421, 459 (10)
161, 236, 285, 469 (10)
161, 236, 285, 494 (10)
161, 236, 469, 494 (10)
161, 242, 280, 368 (11)
161, 242, 280, 421 (13)
161, 242, 280, 427 (14)
161, 242, 368, 421 (12)
161, 242, 368, 427 (12)
161, 242, 421, 427 (16)
161, 280, 368, 421 (12)
161, 280, 368, 427 (12)
161, 280, 421, 427 (14)
161, 285, 469, 494 (11)
161, 350, 421, 459 (10)
161, 368, 421, 427 (14)
162, 202, 217, 310 (12)
162, 202, 217, 461 (11)
162, 202, 310, 461 (14)
162, 217, 310, 461 (13)
162, 227, 242, 305 (11)
162, 227, 242, 470 (11)
162, 227, 305, 470 (11)
162, 242, 305, 470 (11)
163, 217, 266, 465 (15)
163, 217, 266, 478 (15)
163, 217, 266, 489 (17)
163, 217, 465, 478 (15)
163, 217, 465, 489 (15)
163, 217, 478, 489 (15)
163, 266, 465, 478 (16)
163, 266, 465, 489 (16)
163, 266, 478, 489 (16)
163, 465, 478, 489 (16)
165, 236, 377, 487 (10)
165, 263, 277, 427 (18)
168, 183, 204, 239 (10)
169, 269, 308, 470 (13)
170, 239, 390, 400 (12)
170, 239, 390, 438 (12)
170, 239, 400, 438 (13)
170, 390, 400, 438 (12)
171, 214, 294, 350 (13)
171, 214, 294, 466 (13)
171, 214, 350, 466 (13)
171, 235, 411, 419 (12)
171, 235, 411, 422 (12)
171, 235, 419, 422 (13)
171, 294, 350, 466 (13)
171, 411, 419, 422 (12)
172, 183, 274, 440 (10)
172, 183, 274, 467 (10)
172, 183, 440, 467 (10)
172, 274, 440, 467 (10)
172, 352, 368, 459 (13)
172, 352, 368, 477 (14)
172, 352, 368, 492 (12)
172, 352, 459, 477 (14)
172, 352, 459, 492 (13)
172, 352, 477, 492 (13)
172, 368, 459, 477 (13)
172, 368, 459, 492 (12)
172, 368, 477, 492 (12)
172, 459, 477, 492 (13)
174, 266, 356, 390 (10)
175, 204, 205, 364 (12)
175, 204, 205, 373 (11)
175, 204, 205, 438 (11)
175, 204, 364, 373 (11)
175, 204, 364, 438 (10)
175, 204, 373, 438 (10)
175, 205, 364, 373 (12)
175, 205, 364, 438 (11)
175, 205, 373, 438 (11)
175, 279, 381, 414 (14)
175, 279, 381, 427 (14)
175, 279, 381, 428 (14)
175, 279, 414, 427 (15)
175, 279, 414, 428 (15)
175, 279, 427, 428 (15)
175, 309, 377, 461 (10)
175, 309, 377, 494 (10)
175, 309, 461, 494 (10)
175, 364, 373, 438 (11)
175, 377, 461, 494 (10)
175, 381, 414, 427 (14)
175, 381, 414, 428 (14)
175, 381, 427, 428 (14)
175, 414, 427, 428 (15)
176, 196, 381, 440 (11)
176, 218, 283, 466 (15)
176, 218, 283, 499 (15)
176, 218, 466, 499 (15)
176, 280, 377, 432 (14)
176, 283, 466, 499 (17)
177, 187, 195, 362 (11)
177, 187, 195, 415 (11)
177, 187, 195, 456 (11)
177, 187, 362, 415 (11)
177, 187, 362, 456 (11)
177, 187, 415, 456 (11)
177, 195, 362, 415 (11)
177, 195, 362, 456 (11)
177, 195, 415, 456 (11)
177, 265, 307, 334 (17)
177, 265, 307, 496 (16)
177, 265, 334, 496 (16)
177, 306, 356, 395 (10)
177, 306, 356, 436 (10)
177, 306, 395, 436 (10)
177, 307, 334, 496 (17)
177, 356, 395, 436 (10)
177, 362, 415, 456 (11)
178, 207, 336, 470 (12)
180, 183, 189, 368 (14)
180, 205, 362, 373 (10)
180, 230, 239, 285 (11)
180, 230, 239, 299 (11)
180, 230, 239, 354 (11)
180, 230, 285, 299 (11)
180, 230, 285, 354 (11)
180, 230, 299, 354 (11)
180, 239, 285, 299 (13)
180, 239, 285, 354 (13)
180, 239, 299, 354 (13)
180, 285, 299, 354 (13)
181, 209, 276, 393 (11)
181, 209, 276, 424 (11)
181, 209, 393, 424 (11)
181, 276, 393, 424 (11)
183, 187, 236, 422 (13)
183, 207, 315, 422 (11)
183, 236, 280, 308 (13)
183, 236, 280, 368 (15)
183, 236, 308, 368 (13)
183, 274, 440, 467 (12)
183, 280, 308, 368 (13)
183, 319, 339, 357 (12)
183, 319, 339, 377 (12)
183, 319, 339, 387 (12)
183, 319, 339, 460 (11)
183, 319, 357, 377 (13)
183, 319, 357, 387 (13)
183, 319, 357, 460 (12)
183, 319, 377, 387 (13)
183, 319, 377, 460 (12)
183, 319, 387, 460 (12)
183, 339, 357, 377 (12)
183, 339, 357, 387 (12)
183, 339, 357, 460 (11)
183, 339, 377, 387 (13)
183, 339, 377, 460 (12)
183, 339, 387, 460 (12)
183, 357, 377, 387 (13)
183, 357, 377, 460 (12)
183, 357, 387, 460 (12)
183, 377, 387, 460 (13)
185, 198, 275, 349 (10)
185, 304, 319, 346 (10)
185, 304, 346, 356 (10)
185, 319, 346, 356 (10)
185, 354, 420, 489 (17)
187, 195, 362, 415 (11)
187, 195, 362, 456 (11)
187, 195, 415, 456 (11)
187, 196, 217, 306 (17)
187, 196, 217, 333 (17)
187, 196, 217, 359 (17)
187, 196, 217, 413 (19)
187, 196, 217, 424 (18)
187, 196, 217, 443 (17)
187, 196, 217, 471 (17)
187, 196, 306, 333 (17)
187, 196, 306, 359 (17)
187, 196, 306, 413 (18)
187, 196, 306, 424 (18)
187, 196, 306, 443 (17)
187, 196, 306, 471 (17)
187, 196, 333, 359 (17)
187, 196, 333, 413 (18)
187, 196, 333, 424 (18)
187, 196, 333, 443 (17)
187, 196, 333, 471 (17)
187, 196, 359, 413 (18)
187, 196, 359, 424 (18)
187, 196, 359, 443 (18)
187, 196, 359, 471 (17)
187, 196, 413, 424 (19)
187, 196, 413, 443 (18)
187, 196, 413, 471 (18)
187, 196, 424, 443 (18)
187, 196, 424, 471 (18)
187, 196, 443, 471 (17)
187, 217, 306, 333 (16)
187, 217, 306, 359 (16)
187, 217, 306, 413 (17)
187, 217, 306, 424 (17)
187, 217, 306, 443 (16)
187, 217, 306, 471 (16)
187, 217, 333, 359 (17)
187, 217, 333, 413 (19)
187, 217, 333, 424 (18)
187, 217, 333, 443 (17)
187, 217, 333, 471 (17)
187, 217, 359, 413 (18)
187, 217, 359, 424 (18)
187, 217, 359, 443 (18)
187, 217, 359, 471 (17)
187, 217, 413, 424 (19)
187, 217, 413, 443 (18)
187, 217, 413, 471 (18)
187, 217, 424, 443 (18)
187, 217, 424, 471 (18)
187, 217, 443, 471 (17)
187, 227, 286, 328 (10)
187, 306, 333, 359 (16)
187, 306, 333, 413 (17)
187, 306, 333, 424 (17)
187, 306, 333, 443 (16)
187, 306, 333, 471 (16)
187, 306, 359, 413 (17)
187, 306, 359, 424 (17)
187, 306, 359, 443 (17)
187, 306, 359, 471 (16)
187, 306, 413, 424 (18)
187, 306, 413, 443 (17)
187, 306, 413, 471 (17)
187, 306, 424, 443 (17)
187, 306, 424, 471 (17)
187, 306, 443, 471 (16)
187, 333, 359, 413 (18)
187, 333, 359, 424 (18)
187, 333, 359, 443 (18)
187, 333, 359, 471 (17)
187, 333, 413, 424 (19)
187, 333, 413, 443 (18)
187, 333, 413, 471 (18)
187, 333, 424, 443 (18)
187, 333, 424, 471 (18)
187, 333, 443, 471 (17)
187, 359, 413, 424 (19)
187, 359, 413, 443 (19)
187, 359, 413, 471 (18)
187, 359, 424, 443 (19)
187, 359, 424, 471 (18)
187, 359, 443, 471 (18)
187, 362, 415, 456 (11)
187, 413, 424, 443 (19)
187, 413, 424, 471 (19)
187, 413, 443, 471 (18)
187, 424, 443, 471 (18)
190, 202, 229, 239 (11)
190, 202, 229, 477 (10)
190, 202, 239, 477 (11)
190, 229, 239, 477 (10)
190, 275, 351, 419 (10)
190, 322, 367, 414 (11)
190, 322, 367, 486 (11)
190, 322, 367, 490 (11)
190, 322, 414, 486 (11)
190, 322, 414, 490 (11)
190, 322, 486, 490 (11)
190, 367, 414, 486 (11)
190, 367, 414, 490 (11)
190, 367, 486, 490 (11)
190, 414, 486, 490 (11)
191, 280, 394, 418 (10)
192, 266, 290, 320 (15)
195, 362, 415, 456 (11)
196, 205, 207, 290 (24)
196, 207, 366, 368 (14)
196, 217, 306, 333 (17)
196, 217, 306, 359 (17)
196, 217, 306, 413 (18)
196, 217, 306, 424 (18)
196, 217, 306, 443 (17)
196, 217, 306, 471 (17)
196, 217, 333, 359 (17)
196, 217, 333, 413 (18)
196, 217, 333, 424 (18)
196, 217, 333, 443 (17)
196, 217, 333, 471 (18)
196, 217, 359, 413 (18)
196, 217, 359, 424 (18)
196, 217, 359, 443 (18)
196, 217, 359, 471 (17)
196, 217, 413, 424 (19)
196, 217, 413, 443 (18)
196, 217, 413, 471 (18)
196, 217, 424, 443 (18)
196, 217, 424, 471 (18)
196, 217, 443, 471 (17)
196, 249, 285, 289 (15)
196, 249, 285, 362 (15)
196, 249, 285, 443 (15)
196, 249, 285, 470 (15)
196, 249, 289, 362 (16)
196, 249, 289, 443 (16)
196, 249, 289, 470 (16)
196, 249, 362, 443 (16)
196, 249, 362, 470 (16)
196, 249, 443, 470 (16)
196, 265, 335, 494 (10)
196, 265, 473, 494 (10)
196, 276, 470, 474 (12)
196, 285, 289, 362 (17)
196, 285, 289, 443 (17)
196, 285, 289, 470 (17)
196, 285, 362, 443 (17)
196, 285, 362, 470 (17)
196, 285, 443, 470 (17)
196, 289, 362, 443 (18)
196, 289, 362, 470 (18)
196, 289, 443, 470 (18)
196, 295, 421, 489 (10)
196, 306, 333, 359 (17)
196, 306, 333, 413 (18)
196, 306, 333, 424 (18)
196, 306, 333, 443 (17)
196, 306, 333, 471 (17)
196, 306, 359, 413 (19)
196, 306, 359, 424 (18)
196, 306, 359, 443 (18)
196, 306, 359, 471 (17)
196, 306, 413, 424 (19)
196, 306, 413, 443 (18)
196, 306, 413, 471 (18)
196, 306, 424, 443 (18)
196, 306, 424, 471 (18)
196, 306, 443, 471 (17)
196, 333, 359, 413 (18)
196, 333, 359, 424 (18)
196, 333, 359, 443 (18)
196, 333, 359, 471 (17)
196, 333, 413, 424 (19)
196, 333, 413, 443 (18)
196, 333, 413, 471 (18)
196, 333, 424, 443 (18)
196, 333, 424, 471 (18)
196, 333, 443, 471 (17)
196, 359, 413, 424 (19)
196, 359, 413, 443 (19)
196, 359, 413, 471 (18)
196, 359, 424, 443 (19)
196, 359, 424, 471 (18)
196, 359, 443, 471 (18)
196, 362, 443, 470 (18)
196, 413, 424, 443 (19)
196, 413, 424, 471 (19)
196, 413, 443, 471 (18)
196, 424, 443, 471 (18)
197, 205, 239, 419 (13)
197, 205, 239, 475 (13)
197, 205, 419, 475 (13)
197, 239, 419, 475 (13)
198, 209, 348, 443 (11)
198, 209, 348, 477 (10)
198, 209, 443, 477 (10)
198, 263, 354, 392 (12)
198, 348, 443, 477 (10)
201, 332, 350, 362 (13)
201, 332, 350, 381 (14)
201, 332, 350, 477 (13)
201, 332, 362, 381 (13)
201, 332, 362, 477 (13)
201, 332, 381, 477 (13)
201, 350, 362, 381 (13)
201, 350, 362, 477 (13)
201, 350, 381, 477 (13)
201, 362, 381, 477 (13)
202, 217, 310, 461 (11)
202, 229, 239, 477 (11)
202, 229, 349, 361 (11)
202, 229, 349, 460 (12)
202, 229, 349, 490 (11)
202, 229, 361, 460 (11)
202, 229, 361, 490 (10)
202, 229, 460, 490 (11)
202, 349, 361, 460 (12)
202, 349, 361, 490 (11)
202, 349, 460, 490 (12)
202, 361, 460, 490 (11)
203, 205, 308, 350 (23)
203, 227, 299, 326 (11)
204, 205, 364, 373 (11)
204, 205, 364, 438 (12)
204, 205, 373, 438 (10)
204, 207, 222, 474 (10)
204, 222, 236, 239 (13)
204, 222, 236, 416 (13)
204, 222, 239, 416 (13)
204, 227, 279, 350 (11)
204, 227, 279, 413 (11)
204, 227, 350, 413 (11)
204, 236, 239, 416 (13)
204, 240, 362, 364 (14)
204, 279, 350, 413 (12)
204, 310, 322, 359 (18)
204, 364, 373, 438 (10)
205, 208, 258, 423 (10)
205, 239, 419, 475 (15)
205, 261, 377, 438 (12)
205, 261, 438, 442 (10)
205, 266, 326, 411 (14)
205, 266, 326, 480 (14)
205, 266, 411, 480 (14)
205, 275, 474, 489 (12)
205, 280, 411, 438 (10)
205, 294, 397, 450 (10)
205, 300, 377, 394 (15)
205, 300, 377, 438 (16)
205, 300, 377, 480 (15)
205, 300, 394, 438 (15)
205, 300, 394, 480 (14)
205, 300, 438, 480 (15)
205, 326, 411, 480 (15)
205, 364, 373, 438 (11)
205, 377, 394, 438 (15)
205, 377, 394, 480 (14)
205, 377, 438, 480 (16)
205, 394, 438, 480 (15)
206, 373, 437, 472 (12)
207, 217, 372, 406 (11)
207, 333, 349, 469 (11)
208, 217, 294, 345 (12)
208, 229, 244, 379 (14)
208, 280, 294, 368 (14)
209, 236, 280, 346 (13)
209, 276, 393, 424 (12)
209, 348, 443, 477 (10)
210, 361, 367, 373 (13)
210, 361, 367, 494 (14)
210, 361, 373, 494 (13)
210, 367, 373, 494 (13)
214, 243, 405, 438 (10)
214, 243, 405, 491 (10)
214, 243, 438, 491 (10)
214, 259, 385, 496 (19)
214, 270, 413, 470 (10)
214, 294, 350, 466 (13)
214, 405, 438, 491 (10)
215, 217, 230, 495 (14)
216, 217, 241, 286 (12)
216, 217, 241, 290 (11)
216, 217, 249, 286 (11)
216, 217, 249, 290 (10)
216, 217, 286, 290 (12)
216, 241, 286, 290 (12)
216, 249, 286, 290 (10)
216, 286, 338, 354 (16)
216, 286, 338, 402 (16)
216, 286, 338, 414 (16)
216, 286, 338, 442 (16)
216, 286, 338, 470 (15)
216, 286, 354, 402 (16)
216, 286, 354, 414 (16)
216, 286, 354, 442 (16)
216, 286, 354, 470 (15)
216, 286, 402, 414 (16)
216, 286, 402, 442 (16)
216, 286, 402, 470 (15)
216, 286, 414, 442 (16)
216, 286, 414, 470 (15)
216, 286, 442, 470 (15)
216, 338, 354, 402 (16)
216, 338, 354, 414 (16)
216, 338, 354, 442 (16)
216, 338, 354, 470 (15)
216, 338, 402, 414 (16)
216, 338, 402, 442 (16)
216, 338, 402, 470 (15)
216, 338, 414, 442 (16)
216, 338, 414, 470 (15)
216, 338, 442, 470 (15)
216, 354, 402, 414 (16)
216, 354, 402, 442 (16)
216, 354, 402, 470 (15)
216, 354, 414, 442 (16)
216, 354, 414, 470 (15)
216, 354, 442, 470 (15)
216, 402, 414, 442 (16)
216, 402, 414, 470 (15)
216, 402, 442, 470 (15)
216, 414, 442, 470 (15)
217, 229, 319, 397 (11)
217, 234, 401, 494 (13)
217, 241, 286, 290 (11)
217, 249, 286, 290 (10)
217, 266, 465, 478 (16)
217, 266, 465, 489 (16)
217, 266, 478, 489 (16)
217, 306, 333, 359 (17)
217, 306, 333, 413 (18)
217, 306, 333, 424 (18)
217, 306, 333, 443 (17)
217, 306, 333, 471 (17)
217, 306, 359, 413 (18)
217, 306, 359, 424 (18)
217, 306, 359, 443 (18)
217, 306, 359, 471 (17)
217, 306, 413, 424 (19)
217, 306, 413, 443 (18)
217, 306, 413, 471 (18)
217, 306, 424, 443 (18)
217, 306, 424, 471 (18)
217, 306, 443, 471 (17)
217, 333, 359, 413 (19)
217, 333, 359, 424 (19)
217, 333, 359, 443 (19)
217, 333, 359, 471 (18)
217, 333, 413, 424 (20)
217, 333, 413, 443 (19)
217, 333, 413, 471 (19)
217, 333, 424, 443 (19)
217, 333, 424, 471 (19)
217, 333, 443, 471 (18)
217, 345, 404, 449 (13)
217, 359, 413, 424 (20)
217, 359, 413, 443 (20)
217, 359, 413, 471 (19)
217, 359, 424, 443 (20)
217, 359, 424, 471 (19)
217, 359, 443, 471 (19)
217, 413, 424, 443 (20)
217, 413, 424, 471 (20)
217, 413, 443, 471 (19)
217, 424, 443, 471 (19)
217, 465, 478, 489 (16)
218, 283, 466, 499 (14)
222, 236, 239, 416 (13)
222, 316, 343, 430 (12)
224, 270, 279, 470 (10)
224, 279, 401, 470 (10)
224, 300, 302, 470 (10)
224, 315, 443, 472 (17)
226, 275, 419, 440 (15)
226, 276, 300, 335 (10)
226, 276, 300, 449 (10)
226, 276, 335, 449 (10)
226, 300, 335, 449 (10)
227, 229, 239, 486 (13)
227, 242, 305, 470 (11)
227, 279, 350, 413 (11)
227, 287, 294, 309 (12)
227, 310, 368, 489 (16)
227, 310, 368, 494 (16)
227, 310, 489, 494 (18)
227, 368, 489, 494 (17)
229, 242, 354, 443 (12)
229, 242, 354, 494 (11)
229, 242, 443, 494 (11)
229, 259, 281, 402 (10)
229, 266, 309, 486 (16)
229, 281, 322, 402 (10)
229, 349, 361, 460 (14)
229, 349, 361, 490 (12)
229, 349, 460, 490 (13)
229, 354, 443, 494 (11)
229, 361, 460, 490 (12)
229, 401, 424, 476 (11)
230, 239, 285, 299 (12)
230, 239, 285, 354 (12)
230, 239, 299, 354 (12)
230, 285, 299, 354 (12)
234, 305, 322, 387 (13)
234, 350, 421, 459 (10)
234, 368, 390, 469 (13)
235, 411, 419, 422 (13)
236, 280, 308, 368 (16)
236, 285, 469, 494 (10)
236, 294, 334, 384 (11)
236, 315, 377, 474 (11)
236, 350, 366, 443 (13)
236, 368, 377, 489 (10)
236, 368, 487, 489 (10)
237, 352, 438, 450 (16)
239, 242, 360, 498 (10)
239, 285, 299, 354 (14)
239, 343, 477, 494 (10)
239, 368, 373, 477 (10)
239, 368, 373, 494 (10)
239, 390, 400, 438 (12)
241, 377, 397, 482 (16)
242, 280, 368, 421 (12)
242, 280, 368, 427 (12)
242, 280, 421, 427 (14)
242, 296, 328, 368 (17)
242, 354, 443, 494 (11)
242, 368, 421, 427 (13)
243, 405, 438, 491 (10)
249, 285, 289, 362 (15)
249, 285, 289, 443 (15)
249, 285, 289, 470 (15)
249, 285, 362, 443 (15)
249, 285, 362, 470 (15)
249, 285, 443, 470 (15)
249, 289, 362, 443 (16)
249, 289, 362, 470 (16)
249, 289, 443, 470 (16)
249, 362, 443, 470 (16)
259, 281, 322, 402 (10)
260, 369, 381, 447 (10)
261, 377, 438, 442 (10)
262, 296, 387, 405 (10)
262, 364, 388, 422 (10)
262, 364, 388, 450 (10)
262, 364, 388, 478 (10)
262, 364, 422, 450 (10)
262, 364, 422, 478 (10)
262, 364, 450, 478 (10)
262, 388, 422, 450 (10)
262, 388, 422, 478 (10)
262, 388, 450, 478 (10)
262, 422, 450, 478 (10)
263, 306, 345, 498 (13)
265, 307, 334, 496 (17)
266, 276, 356, 390 (11)
266, 290, 351, 385 (11)
266, 290, 351, 487 (12)
266, 290, 357, 427 (15)
266, 290, 385, 487 (12)
266, 326, 411, 480 (16)
266, 351, 385, 487 (11)
266, 465, 478, 489 (17)
267, 326, 470, 477 (20)
268, 320, 362, 381 (10)
274, 275, 470, 480 (15)
274, 352, 370, 413 (11)
276, 300, 335, 449 (10)
276, 305, 387, 419 (19)
276, 343, 381, 423 (18)
276, 343, 381, 480 (17)
276, 343, 423, 480 (16)
276, 381, 423, 480 (16)
277, 294, 326, 400 (11)
278, 350, 419, 460 (11)
279, 283, 295, 422 (19)
279, 366, 395, 438 (16)
279, 381, 414, 427 (15)
279, 381, 414, 428 (15)
279, 381, 427, 428 (15)
279, 401, 470, 474 (10)
279, 414, 427, 428 (16)
280, 310, 379, 390 (11)
280, 334, 368, 419 (10)
280, 368, 421, 427 (13)
283, 338, 361, 477 (13)
283, 358, 397, 472 (13)
285, 289, 362, 443 (17)
285, 289, 362, 470 (17)
285, 289, 443, 470 (17)
285, 362, 443, 470 (18)
286, 308, 319, 400 (10)
286, 308, 319, 467 (11)
286, 308, 381, 400 (10)
286, 308, 381, 467 (10)
286, 308, 400, 467 (11)
286, 319, 400, 467 (10)
286, 338, 354, 402 (16)
286, 338, 354, 414 (16)
286, 338, 354, 442 (16)
286, 338, 354, 470 (15)
286, 338, 402, 414 (16)
286, 338, 402, 442 (16)
286, 338, 402, 470 (15)
286, 338, 414, 442 (16)
286, 338, 414, 470 (15)
286, 338, 442, 470 (15)
286, 354, 402, 414 (16)
286, 354, 402, 442 (16)
286, 354, 402, 470 (15)
286, 354, 414, 442 (16)
286, 354, 414, 470 (15)
286, 354, 442, 470 (15)
286, 368, 460, 484 (11)
286, 402, 414, 442 (16)
286, 402, 414, 470 (15)
286, 402, 442, 470 (15)
286, 414, 442, 470 (15)
289, 362, 443, 470 (18)
290, 351, 385, 487 (11)
295, 450, 467, 494 (12)
300, 377, 394, 438 (15)
300, 377, 394, 480 (14)
300, 377, 438, 480 (15)
300, 394, 438, 480 (14)
306, 333, 359, 413 (18)
306, 333, 359, 424 (18)
306, 333, 359, 443 (18)
306, 333, 359, 471 (17)
306, 333, 413, 424 (19)
306, 333, 413, 443 (18)
306, 333, 413, 471 (18)
306, 333, 424, 443 (18)
306, 333, 424, 471 (18)
306, 333, 443, 471 (17)
306, 356, 395, 436 (10)
306, 359, 413, 424 (19)
306, 359, 413, 443 (19)
306, 359, 413, 471 (18)
306, 359, 424, 443 (19)
306, 359, 424, 471 (18)
306, 359, 443, 471 (18)
306, 413, 424, 443 (19)
306, 413, 424, 471 (19)
306, 413, 443, 471 (18)
306, 424, 443, 471 (18)
307, 328, 338, 401 (14)
308, 319, 400, 467 (10)
309, 314, 354, 377 (10)
309, 314, 354, 381 (12)
309, 314, 354, 390 (12)
309, 314, 354, 448 (12)
309, 314, 377, 381 (10)
309, 314, 377, 390 (10)
309, 314, 377, 448 (10)
309, 314, 381, 390 (12)
309, 314, 381, 448 (12)
309, 314, 390, 448 (12)
309, 354, 377, 381 (10)
309, 354, 377, 390 (10)
309, 354, 377, 448 (10)
309, 354, 381, 390 (12)
309, 354, 381, 448 (12)
309, 354, 390, 448 (12)
309, 377, 381, 390 (10)
309, 377, 381, 448 (10)
309, 377, 390, 448 (10)
309, 377, 461, 494 (10)
309, 381, 390, 448 (12)
310, 368, 489, 494 (16)
314, 354, 377, 381 (10)
314, 354, 377, 390 (10)
314, 354, 377, 448 (10)
314, 354, 381, 390 (12)
314, 354, 381, 448 (12)
314, 354, 390, 448 (12)
314, 377, 381, 390 (10)
314, 377, 381, 448 (10)
314, 377, 390, 448 (10)
314, 381, 390, 448 (12)
316, 348, 355, 368 (11)
316, 348, 355, 373 (11)
316, 348, 355, 396 (11)
316, 348, 368, 373 (11)
316, 348, 368, 396 (11)
316, 348, 373, 396 (11)
316, 355, 368, 373 (11)
316, 355, 368, 396 (11)
316, 355, 373, 396 (11)
316, 368, 373, 396 (11)
318, 368, 412, 427 (13)
318, 368, 412, 460 (13)
318, 368, 412, 474 (13)
318, 368, 427, 460 (14)
318, 368, 427, 474 (14)
318, 368, 460, 474 (13)
318, 412, 427, 460 (12)
318, 412, 427, 474 (13)
318, 412, 460, 474 (12)
318, 427, 460, 474 (13)
319, 339, 357, 377 (12)
319, 339, 357, 387 (12)
319, 339, 357, 460 (11)
319, 339, 377, 387 (12)
319, 339, 377, 460 (13)
319, 339, 387, 460 (11)
319, 357, 377, 387 (13)
319, 357, 377, 460 (12)
319, 357, 387, 460 (12)
319, 377, 387, 460 (12)
322, 346, 365, 408 (16)
322, 346, 365, 474 (15)
322, 346, 408, 474 (14)
322, 365, 408, 474 (15)
322, 367, 414, 486 (11)
322, 367, 414, 490 (11)
322, 367, 486, 490 (11)
322, 414, 486, 490 (11)
323, 353, 400, 483 (10)
332, 350, 362, 381 (14)
332, 350, 362, 477 (13)
332, 350, 381, 477 (13)
332, 362, 381, 477 (13)
332, 415, 422, 449 (10)
333, 359, 413, 424 (20)
333, 359, 413, 443 (20)
333, 359, 413, 471 (19)
333, 359, 424, 443 (20)
333, 359, 424, 471 (19)
333, 359, 443, 471 (19)
333, 413, 424, 443 (20)
333, 413, 424, 471 (20)
333, 413, 443, 471 (19)
333, 424, 443, 471 (19)
338, 354, 402, 414 (16)
338, 354, 402, 442 (16)
338, 354, 402, 470 (16)
338, 354, 414, 442 (16)
338, 354, 414, 470 (15)
338, 354, 442, 470 (15)
338, 402, 414, 442 (16)
338, 402, 414, 470 (15)
338, 402, 442, 470 (15)
338, 414, 442, 470 (15)
339, 357, 377, 387 (12)
339, 357, 377, 460 (11)
339, 357, 387, 460 (11)
339, 377, 387, 460 (12)
343, 360, 405, 419 (15)
343, 364, 449, 494 (12)
343, 368, 373, 494 (10)
343, 381, 423, 480 (17)
346, 365, 408, 474 (14)
348, 355, 368, 373 (11)
348, 355, 368, 396 (11)
348, 355, 373, 396 (11)
348, 368, 373, 396 (11)
349, 361, 460, 490 (13)
350, 362, 381, 477 (14)
350, 419, 438, 490 (12)
352, 368, 459, 477 (13)
352, 368, 459, 492 (12)
352, 368, 477, 492 (13)
352, 459, 477, 492 (13)
354, 377, 381, 390 (10)
354, 377, 381, 448 (10)
354, 377, 390, 448 (11)
354, 381, 390, 448 (13)
354, 402, 414, 442 (16)
354, 402, 414, 470 (15)
354, 402, 442, 470 (15)
354, 414, 442, 470 (15)
355, 368, 373, 396 (11)
357, 377, 387, 460 (12)
359, 413, 424, 443 (21)
359, 413, 424, 471 (20)
359, 413, 443, 471 (20)
359, 424, 443, 471 (20)
361, 367, 373, 494 (14)
364, 388, 422, 450 (10)
364, 388, 422, 478 (10)
364, 388, 450, 478 (10)
364, 422, 450, 478 (10)
367, 414, 486, 490 (11)
368, 373, 477, 494 (10)
368, 412, 427, 460 (13)
368, 412, 427, 474 (14)
368, 412, 460, 474 (13)
368, 427, 460, 474 (14)
368, 459, 477, 492 (12)
377, 381, 390, 448 (10)
377, 394, 438, 480 (14)
378, 401, 438, 460 (12)
378, 401, 438, 477 (12)
378, 401, 460, 477 (12)
378, 438, 460, 477 (12)
381, 414, 427, 428 (15)
388, 422, 450, 478 (10)
401, 438, 460, 477 (13)
402, 414, 442, 470 (15)
412, 427, 460, 474 (13)
413, 424, 443, 471 (20)
