0, 8, 145, 165, 298 (10)
0, 27, 89, 129, 475 (13)
0, 27, 89, 129, 498 (14)
0, 27, 89, 475, 498 (14)
0, 27, 129, 475, 498 (13)
0, 65, 71, 110, 307 (14)
0, 65, 71, 110, 328 (14)
0, 65, 71, 110, 338 (14)
0, 65, 71, 110, 401 (14)
0, 65, 71, 307, 328 (14)
0, 65, 71, 307, 338 (14)
0, 65, 71, 307, 401 (14)
0, 65, 71, 328, 338 (14)
0, 65, 71, 328, 401 (14)
0, 65, 71, 338, 401 (14)
0, 65, 110, 307, 328 (14)
0, 65, 110, 307, 338 (14)
0, 65, 110, 307, 401 (14)
0, 65, 110, 328, 338 (14)
0, 65, 110, 328, 401 (14)
0, 65, 110, 338, 401 (14)
0, 65, 307, 328, 338 (14)
0, 65, 307, 328, 401 (14)
0, 65, 307, 338, 401 (14)
0, 65, 328, 338, 401 (14)
0, 71, 110, 307, 328 (14)
0, 71, 110, 307, 338 (14)
0, 71, 110, 307, 401 (14)
0, 71, 110, 328, 338 (14)
0, 71, 110, 328, 401 (14)
0, 71, 110, 338, 401 (14)
0, 71, 307, 328, 338 (14)
0, 71, 307, 328, 401 (14)
0, 71, 307, 338, 401 (14)
0, 71, 328, 338, 401 (14)
0, 89, 129, 475, 498 (13)
0, 110, 307, 328, 338 (14)
0, 110, 307, 328, 401 (14)
0, 110, 307, 338, 401 (14)
0, 110, 328, 338, 401 (14)
0, 295, 450, 467, 494 (12)
0, 307, 328, 338, 401 (14)
1, 3, 180, 183, 189 (13)
1, 3, 180, 183, 368 (13)
1, 3, 180, 189, 368 (13)
1, 3, 183, 189, 368 (13)
1, 27, 38, 145, 332 (11)
1, 27, 38, 145, 415 (11)
1, 27, 38, 145, 422 (12)
1, 27, 38, 145, 449 (11)
1, 27, 38, 332, 415 (11)
1, 27, 38, 332, 422 (12)
1, 27, 38, 332, 449 (11)
1, 27, 38, 415, 422 (12)
1, 27, 38, 415, 449 (11)
1, 27, 38, 422, 449 (12)
1, 27, 145, 332, 415 (11)
1, 27, 145, 332, 422 (12)
1, 27, 145, 332, 449 (10)
1, 27, 145, 415, 422 (12)
1, 27, 145, 415, 449 (10)
1, 27, 145, 422, 449 (11)
1, 27, 332, 415, 422 (12)
1, 27, 332, 415, 449 (10)
1, 27, 332, 422, 449 (11)
1, 27, 415, 422, 449 (11)
1, 38, 145, 332, 415 (10)
1, 38, 145, 332, 422 (11)
1, 38, 145, 332, 449 (10)
1, 38, 145, 415, 422 (11)
1, 38, 145, 415, 449 (10)
1, 38, 145, 422, 449 (11)
1, 38, 332, 415, 422 (11)
1, 38, 332, 415, 449 (10)
1, 38, 332, 422, 449 (11)
1, 38, 415, 422, 449 (11)
1, 110, 118, 204, 207 (10)
1, 110, 118, 204, 222 (10)
1, 110, 118, 204, 474 (10)
1, 110, 118, 207, 222 (10)
1, 110, 118, 207, 474 (10)
1, 110, 118, 222, 474 (10)
1, 110, 204, 207, 222 (10)
1, 110, 204, 207, 474 (10)
1, 110, 204, 222, 474 (10)
1, 110, 207, 222, 474 (10)
1, 118, 204, 207, 222 (10)
1, 118, 204, 207, 474 (10)
1, 118, 204, 222, 474 (10)
1, 118, 207, 222, 474 (10)
1, 127, 175, 279, 381 (14)
1, 127, 175, 279, 414 (15)
1, 127, 175, 279, 427 (15)
1, 127, 175, 279, 428 (15)
1, 127, 175, 381, 414 (14)
1, 127, 175, 381, 427 (14)
1, 127, 175, 381, 428 (14)
1, 127, 175, 414, 427 (15)
1, 127, 175, 414, 428 (15)
1, 127, 175, 427, 428 (15)
1, 127, 279, 381, 414 (15)
1, 127, 279, 381, 427 (15)
1, 127, 279, 381, 428 (15)
1, 127, 279, 414, 427 (16)
1, 127, 279, 414, 428 (16)
1, 127, 279, 427, 428 (16)
1, 127, 381, 414, 427 (15)
1, 127, 381, 414, 428 (15)
1, 127, 381, 427, 428 (15)
1, 127, 414, 427, 428 (16)
1, 145, 332, 415, 422 (11)
1, 145, 332, 422, 449 (10)
1, 145, 415, 422, 449 (10)
1, 169, 269, 308, 470 (13)
1, 175, 279, 381, 414 (14)
1, 175, 279, 381, 427 (14)
1, 175, 279, 381, 428 (14)
1, 175, 279, 414, 427 (15)
1, 175, 279, 414, 428 (15)
1, 175, 279, 427, 428 (15)
1, 175, 381, 414, 427 (14)
1, 175, 381, 414, 428 (14)
1, 175, 381, 427, 428 (14)
1, 175, 414, 427, 428 (15)
1, 180, 183, 189, 368 (13)
1, 204, 207, 222, 474 (10)
1, 279, 381, 414, 427 (15)
1, 279, 381, 414, 428 (15)
1, 279, 381, 427, 428 (15)
1, 279, 414, 427, 428 (16)
1, 332, 415, 422, 449 (10)
1, 381, 414, 427, 428 (15)
2, 25, 319, 343, 494 (11)
2, 187, 227, 286, 328 (10)
2, 196, 295, 421, 489 (10)
3, 8, 67, 94, 450 (16)
3, 34, 276, 343, 381 (13)
3, 34, 276, 343, 423 (12)
3, 34, 276, 343, 480 (11)
3, 34, 276, 381, 423 (12)
3, 34, 276, 381, 480 (11)
3, 34, 276, 423, 480 (10)
3, 34, 343, 381, 423 (13)
3, 34, 343, 381, 480 (12)
3, 34, 343, 423, 480 (12)
3, 34, 381, 423, 480 (11)
3, 85, 217, 321, 352 (11)
3, 123, 234, 305, 322 (12)
3, 123, 234, 305, 387 (12)
3, 123, 234, 322, 387 (12)
3, 123, 305, 322, 387 (12)
3, 180, 183, 189, 368 (14)
3, 234, 305, 322, 387 (13)
3, 276, 343, 381, 423 (18)
3, 276, 343, 381, 480 (17)
3, 276, 343, 423, 480 (16)
3, 276, 381, 423, 480 (16)
3, 343, 381, 423, 480 (17)
4, 55, 68, 315, 439 (10)
4, 81, 117, 328, 471 (10)
4, 214, 259, 385, 496 (10)
5, 112, 268, 320, 381 (11)
5, 112, 320, 362, 381 (10)
5, 268, 320, 362, 381 (10)
6, 114, 116, 266, 480 (10)
6, 140, 145, 197, 205 (10)
6, 140, 145, 197, 239 (10)
6, 140, 145, 197, 419 (10)
6, 140, 145, 197, 475 (10)
6, 140, 145, 205, 239 (12)
6, 140, 145, 205, 419 (12)
6, 140, 145, 205, 475 (12)
6, 140, 145, 239, 419 (12)
6, 140, 145, 239, 475 (12)
6, 140, 145, 419, 475 (12)
6, 140, 197, 205, 239 (11)
6, 140, 197, 205, 419 (11)
6, 140, 197, 205, 475 (11)
6, 140, 197, 239, 419 (11)
6, 140, 197, 239, 475 (11)
6, 140, 197, 419, 475 (11)
6, 140, 205, 239, 419 (13)
6, 140, 205, 239, 475 (13)
6, 140, 205, 419, 475 (13)
6, 140, 239, 419, 475 (13)
6, 145, 197, 205, 239 (11)
6, 145, 197, 205, 419 (11)
6, 145, 197, 205, 475 (11)
6, 145, 197, 239, 419 (11)
6, 145, 197, 239, 475 (11)
6, 145, 197, 419, 475 (11)
6, 145, 205, 239, 419 (13)
6, 145, 205, 239, 475 (13)
6, 145, 205, 419, 475 (13)
6, 145, 239, 419, 475 (13)
6, 197, 205, 239, 419 (12)
6, 197, 205, 239, 475 (12)
6, 197, 205, 419, 475 (12)
6, 197, 239, 419, 475 (12)
6, 205, 239, 419, 475 (14)
7, 172, 183, 274, 440 (10)
7, 172, 183, 274, 467 (10)
7, 172, 183, 440, 467 (10)
7, 172, 274, 440, 467 (10)
7, 183, 274, 440, 467 (10)
8, 31, 144, 458, 477 (10)
8, 39, 108, 263, 306 (13)
8, 39, 108, 263, 345 (12)
8, 39, 108, 263, 498 (13)
8, 39, 108, 306, 345 (12)
8, 39, 108, 306, 498 (13)
8, 39, 108, 345, 498 (12)
8, 39, 263, 306, 345 (13)
8, 39, 263, 306, 498 (13)
8, 39, 263, 345, 498 (12)
8, 39, 306, 345, 498 (12)
8, 43, 192, 266, 290 (13)
8, 43, 192, 266, 320 (13)
8, 43, 192, 290, 320 (13)
8, 43, 266, 290, 320 (13)
8, 56, 75, 81, 460 (13)
8, 63, 201, 332, 350 (12)
8, 63, 201, 332, 362 (11)
8, 63, 201, 332, 381 (12)
8, 63, 201, 332, 477 (11)
8, 63, 201, 350, 362 (11)
8, 63, 201, 350, 381 (12)
8, 63, 201, 350, 477 (11)
8, 63, 201, 362, 381 (11)
8, 63, 201, 362, 477 (11)
8, 63, 201, 381, 477 (11)
8, 63, 332, 350, 362 (11)
8, 63, 332, 350, 381 (12)
8, 63, 332, 350, 477 (11)
8, 63, 332, 362, 381 (11)
8, 63, 332, 362, 477 (11)
8, 63, 332, 381, 477 (11)
8, 63, 350, 362, 381 (11)
8, 63, 350, 362, 477 (11)
8, 63, 350, 381, 477 (11)
8, 63, 362, 381, 477 (11)
8, 108, 263, 306, 345 (12)
8, 108, 263, 306, 498 (13)
8, 108, 263, 345, 498 (12)
8, 108, 306, 345, 498 (12)
8, 145, 165, 298, 408 (10)
8, 192, 266, 290, 320 (14)
8, 201, 332, 350, 362 (11)
8, 201, 332, 350, 381 (12)
8, 201, 332, 350, 477 (11)
8, 201, 332, 362, 381 (11)
8, 201, 332, 362, 477 (11)
8, 201, 332, 381, 477 (11)
8, 201, 350, 362, 381 (11)
8, 201, 350, 362, 477 (11)
8, 201, 350, 381, 477 (11)
8, 201, 362, 381, 477 (11)
8, 263, 306, 345, 498 (12)
8, 332, 350, 362, 381 (11)
8, 332, 350, 362, 477 (11)
8, 332, 350, 381, 477 (11)
8, 332, 362, 381, 477 (11)
8, 350, 362, 381, 477 (12)
9, 105, 128, 217, 258 (11)
9, 105, 128, 217, 461 (11)
9, 105, 128, 258, 461 (11)
9, 105, 217, 258, 461 (11)
9, 128, 217, 258, 461 (11)
12, 31, 161, 218, 367 (11)
12, 35, 54, 296, 378 (10)
12, 46, 103, 208, 397 (11)
12, 46, 103, 208, 459 (12)
12, 46, 103, 397, 459 (11)
12, 46, 208, 397, 459 (12)
12, 69, 100, 120, 335 (11)
12, 69, 100, 120, 387 (10)
12, 69, 100, 120, 467 (10)
12, 69, 100, 335, 387 (10)
12, 69, 100, 335, 467 (10)
12, 69, 100, 387, 467 (10)
12, 69, 120, 335, 387 (11)
12, 69, 120, 335, 467 (11)
12, 69, 120, 387, 467 (11)
12, 69, 335, 387, 467 (11)
12, 71, 72, 123, 360 (10)
12, 71, 72, 123, 362 (10)
12, 71, 72, 123, 400 (10)
12, 71, 72, 360, 362 (10)
12, 71, 72, 360, 400 (10)
12, 71, 72, 362, 400 (10)
12, 71, 123, 360, 362 (10)
12, 71, 123, 360, 400 (10)
12, 71, 123, 362, 400 (10)
12, 71, 360, 362, 400 (10)
12, 72, 123, 360, 362 (10)
12, 72, 123, 360, 400 (10)
12, 72, 123, 362, 400 (10)
12, 72, 360, 362, 400 (10)
12, 100, 120, 335, 387 (10)
12, 100, 120, 335, 467 (10)
12, 100, 120, 387, 467 (10)
12, 100, 335, 387, 467 (10)
12, 103, 208, 397, 459 (12)
12, 115, 177, 265, 307 (16)
12, 115, 177, 265, 334 (16)
12, 115, 177, 265, 496 (15)
12, 115, 177, 307, 334 (17)
12, 115, 177, 307, 496 (16)
12, 115, 177, 334, 496 (16)
12, 115, 265, 307, 334 (17)
12, 115, 265, 307, 496 (16)
12, 115, 265, 334, 496 (16)
12, 115, 307, 334, 496 (17)
12, 120, 197, 283, 362 (20)
12, 120, 335, 387, 467 (11)
12, 122, 145, 274, 319 (11)
12, 122, 145, 274, 456 (10)
12, 122, 145, 319, 456 (10)
12, 122, 274, 319, 456 (11)
12, 123, 360, 362, 400 (10)
12, 145, 274, 319, 456 (10)
12, 177, 265, 307, 334 (17)
12, 177, 265, 307, 496 (16)
12, 177, 265, 334, 496 (16)
12, 177, 307, 334, 496 (17)
12, 227, 310, 368, 489 (15)
12, 227, 310, 368, 494 (15)
12, 227, 310, 489, 494 (17)
12, 227, 368, 489, 494 (15)
12, 265, 307, 334, 496 (17)
12, 310, 368, 489, 494 (15)
13, 110, 129, 156, 239 (11)
14, 52, 73, 402, 422 (10)
15, 43, 376, 490, 495 (11)
15, 185, 198, 275, 349 (10)
16, 43, 53, 88, 322 (10)
16, 43, 53, 88, 346 (10)
16, 43, 53, 151, 322 (10)
16, 43, 53, 151, 346 (10)
16, 43, 53, 322, 346 (11)
16, 43, 88, 322, 346 (10)
16, 43, 151, 322, 346 (10)
16, 53, 88, 151, 322 (11)
16, 53, 88, 151, 346 (10)
16, 53, 88, 322, 346 (11)
16, 53, 151, 322, 346 (11)
16, 68, 321, 322, 346 (10)
16, 88, 151, 322, 346 (10)
17, 72, 80, 227, 335 (19)
18, 35, 118, 130, 247 (12)
18, 53, 124, 205, 266 (14)
18, 53, 124, 205, 326 (14)
18, 53, 124, 205, 411 (15)
18, 53, 124, 205, 480 (15)
18, 53, 124, 266, 326 (14)
18, 53, 124, 266, 411 (14)
18, 53, 124, 266, 480 (14)
18, 53, 124, 326, 411 (14)
18, 53, 124, 326, 480 (14)
18, 53, 124, 411, 480 (15)
18, 53, 205, 266, 326 (14)
18, 53, 205, 266, 411 (14)
18, 53, 205, 266, 480 (14)
18, 53, 205, 326, 411 (14)
18, 53, 205, 326, 480 (14)
18, 53, 205, 411, 480 (15)
18, 53, 266, 326, 411 (14)
18, 53, 266, 326, 480 (14)
18, 53, 266, 411, 480 (14)
18, 53, 326, 411, 480 (14)
18, 124, 205, 266, 326 (14)
18, 124, 205, 266, 411 (14)
18, 124, 205, 266, 480 (14)
18, 124, 205, 326, 411 (14)
18, 124, 205, 326, 480 (14)
18, 124, 205, 411, 480 (15)
18, 124, 266, 326, 411 (14)
18, 124, 266, 326, 480 (14)
18, 124, 266, 411, 480 (14)
18, 124, 326, 411, 480 (14)
18, 205, 266, 326, 411 (14)
18, 205, 266, 326, 480 (14)
18, 205, 266, 411, 480 (14)
18, 205, 326, 411, 480 (14)
18, 266, 326, 411, 480 (14)
20, 26, 70, 71, 345 (11)
20, 26, 70, 71, 392 (10)
20, 26, 70, 345, 392 (10)
20, 26, 71, 345, 392 (10)
20, 70, 71, 345, 392 (10)
21, 53, 97, 145, 349 (10)
21, 53, 97, 145, 477 (10)
21, 53, 97, 349, 477 (10)
21, 53, 145, 349, 477 (10)
21, 97, 145, 349, 477 (10)
21, 203, 205, 308, 350 (20)
22, 69, 103, 136, 401 (12)
24, 67, 160, 275, 381 (11)
25, 39, 43, 283, 378 (11)
25, 39, 43, 283, 424 (10)
25, 39, 43, 378, 424 (11)
25, 39, 283, 378, 424 (10)
25, 43, 283, 378, 424 (10)
25, 69, 111, 229, 242 (12)
25, 69, 111, 229, 354 (12)
25, 69, 111, 229, 443 (12)
25, 69, 111, 229, 494 (11)
25, 69, 111, 242, 354 (12)
25, 69, 111, 242, 443 (12)
25, 69, 111, 242, 494 (11)
25, 69, 111, 354, 443 (14)
25, 69, 111, 354, 494 (13)
25, 69, 111, 443, 494 (13)
25, 69, 229, 242, 354 (12)
25, 69, 229, 242, 443 (12)
25, 69, 229, 242, 494 (11)
25, 69, 229, 354, 443 (12)
25, 69, 229, 354, 494 (11)
25, 69, 229, 443, 494 (11)
25, 69, 242, 354, 443 (12)
25, 69, 242, 354, 494 (11)
25, 69, 242, 443, 494 (11)
25, 69, 354, 443, 494 (13)
25, 88, 405, 469, 470 (15)
25, 111, 229, 242, 354 (12)
25, 111, 229, 242, 443 (12)
25, 111, 229, 242, 494 (11)
25, 111, 229, 354, 443 (12)
25, 111, 229, 354, 494 (11)
25, 111, 229, 443, 494 (11)
25, 111, 242, 354, 443 (12)
25, 111, 242, 354, 494 (11)
25, 111, 242, 443, 494 (11)
25, 111, 354, 443, 494 (13)
25, 229, 242, 354, 443 (12)
25, 229, 242, 354, 494 (11)
25, 229, 242, 443, 494 (11)
25, 229, 354, 443, 494 (11)
25, 242, 354, 443, 494 (11)
25, 279, 366, 395, 438 (15)
25, 378, 401, 438, 460 (11)
25, 378, 401, 438, 477 (11)
25, 378, 401, 460, 477 (11)
25, 378, 438, 460, 477 (11)
25, 401, 438, 460, 477 (12)
26, 70, 71, 345, 392 (10)
26, 217, 345, 404, 449 (10)
27, 38, 145, 332, 415 (10)
27, 38, 145, 332, 422 (11)
27, 38, 145, 332, 449 (10)
27, 38, 145, 415, 422 (12)
27, 38, 145, 415, 449 (10)
27, 38, 145, 422, 449 (11)
27, 38, 332, 415, 422 (11)
27, 38, 332, 415, 449 (10)
27, 38, 332, 422, 449 (11)
27, 38, 415, 422, 449 (11)
27, 43, 61, 93, 108 (19)
27, 43, 61, 93, 185 (19)
27, 43, 61, 93, 354 (19)
27, 43, 61, 93, 420 (19)
27, 43, 61, 93, 489 (20)
27, 43, 61, 108, 185 (18)
27, 43, 61, 108, 354 (18)
27, 43, 61, 108, 420 (18)
27, 43, 61, 108, 489 (19)
27, 43, 61, 185, 354 (18)
27, 43, 61, 185, 420 (18)
27, 43, 61, 185, 489 (19)
27, 43, 61, 354, 420 (18)
27, 43, 61, 354, 489 (19)
27, 43, 61, 420, 489 (19)
27, 43, 93, 108, 185 (18)
27, 43, 93, 108, 354 (18)
27, 43, 93, 108, 420 (18)
27, 43, 93, 108, 489 (19)
27, 43, 93, 185, 354 (18)
27, 43, 93, 185, 420 (18)
27, 43, 93, 185, 489 (19)
27, 43, 93, 354, 420 (18)
27, 43, 93, 354, 489 (19)
27, 43, 93, 420, 489 (19)
27, 43, 108, 185, 354 (17)
27, 43, 108, 185, 420 (17)
27, 43, 108, 185, 489 (18)
27, 43, 108, 354, 420 (17)
27, 43, 108, 354, 489 (18)
27, 43, 108, 420, 489 (18)
27, 43, 185, 354, 420 (17)
27, 43, 185, 354, 489 (18)
27, 43, 185, 420, 489 (18)
27, 43, 354, 420, 489 (18)
27, 61, 93, 108, 185 (18)
27, 61, 93, 108, 354 (18)
27, 61, 93, 108, 420 (18)
27, 61, 93, 108, 489 (19)
27, 61, 93, 185, 354 (18)
27, 61, 93, 185, 420 (18)
27, 61, 93, 185, 489 (19)
27, 61, 93, 354, 420 (18)
27, 61, 93, 354, 489 (19)
27, 61, 93, 420, 489 (19)
27, 61, 108, 185, 354 (17)
27, 61, 108, 185, 420 (17)
27, 61, 108, 185, 489 (18)
27, 61, 108, 354, 420 (17)
27, 61, 108, 354, 489 (18)
27, 61, 108, 420, 489 (18)
27, 61, 185, 354, 420 (17)
27, 61, 185, 354, 489 (18)
27, 61, 185, 420, 489 (18)
27, 61, 354, 420, 489 (18)
27, 89, 129, 475, 498 (13)
27, 93, 108, 185, 354 (17)
27, 93, 108, 185, 420 (17)
27, 93, 108, 185, 489 (18)
27, 93, 108, 354, 420 (17)
27, 93, 108, 354, 489 (18)
27, 93, 108, 420, 489 (18)
27, 93, 185, 354, 420 (17)
27, 93, 185, 354, 489 (18)
27, 93, 185, 420, 489 (18)
27, 93, 354, 420, 489 (18)
27, 108, 185, 354, 420 (16)
27, 108, 185, 354, 489 (17)
27, 108, 185, 420, 489 (17)
27, 108, 354, 420, 489 (17)
27, 145, 332, 415, 422 (11)
27, 145, 332, 422, 449 (10)
27, 145, 415, 422, 449 (10)
27, 185, 354, 420, 489 (17)
27, 332, 415, 422, 449 (10)
28, 96, 269, 369, 443 (18)
31, 108, 334, 368, 372 (12)
31, 144, 458, 477, 486 (12)
32, 57, 120, 216, 437 (15)
32, 214, 243, 405, 438 (10)
32, 214, 243, 405, 491 (10)
32, 214, 243, 438, 491 (10)
32, 214, 405, 438, 491 (10)
32, 243, 405, 438, 491 (10)
33, 64, 128, 164, 460 (10)
33, 90, 175, 204, 205 (12)
33, 90, 175, 204, 364 (12)
33, 90, 175, 204, 373 (11)
33, 90, 175, 204, 438 (10)
33, 90, 175, 205, 364 (13)
33, 90, 175, 205, 373 (12)
33, 90, 175, 205, 438 (11)
33, 90, 175, 364, 373 (12)
33, 90, 175, 364, 438 (11)
33, 90, 175, 373, 438 (11)
33, 90, 204, 205, 364 (12)
33, 90, 204, 205, 373 (11)
33, 90, 204, 205, 438 (10)
33, 90, 204, 364, 373 (11)
33, 90, 204, 364, 438 (10)
33, 90, 204, 373, 438 (10)
33, 90, 205, 364, 373 (12)
33, 90, 205, 364, 438 (11)
33, 90, 205, 373, 438 (11)
33, 90, 364, 373, 438 (11)
33, 175, 204, 205, 364 (12)
33, 175, 204, 205, 373 (11)
33, 175, 204, 205, 438 (10)
33, 175, 204, 364, 373 (11)
33, 175, 204, 364, 438 (10)
33, 175, 204, 373, 438 (10)
33, 175, 205, 364, 373 (12)
33, 175, 205, 364, 438 (11)
33, 175, 205, 373, 438 (11)
33, 175, 364, 373, 438 (11)
33, 204, 205, 364, 373 (11)
33, 204, 205, 364, 438 (10)
33, 204, 205, 373, 438 (10)
33, 204, 364, 373, 438 (10)
33, 205, 364, 373, 438 (11)
34, 276, 343, 381, 423 (12)
34, 276, 343, 381, 480 (11)
34, 276, 343, 423, 480 (10)
34, 276, 381, 423, 480 (10)
34, 343, 381, 423, 480 (11)
35, 161, 285, 469, 494 (10)
36, 45, 88, 259, 266 (11)
36, 45, 88, 259, 285 (10)
36, 45, 88, 259, 316 (10)
36, 45, 88, 266, 285 (10)
36, 45, 88, 266, 316 (10)
36, 45, 259, 266, 285 (10)
36, 45, 259, 266, 316 (10)
36, 61, 70, 71, 205 (16)
36, 61, 70, 71, 300 (16)
36, 61, 70, 71, 377 (16)
36, 61, 70, 71, 394 (15)
36, 61, 70, 71, 438 (16)
36, 61, 70, 71, 480 (15)
36, 61, 70, 205, 300 (16)
36, 61, 70, 205, 377 (16)
36, 61, 70, 205, 394 (15)
36, 61, 70, 205, 438 (16)
36, 61, 70, 205, 480 (15)
36, 61, 70, 300, 377 (16)
36, 61, 70, 300, 394 (15)
36, 61, 70, 300, 438 (16)
36, 61, 70, 300, 480 (15)
36, 61, 70, 377, 394 (15)
36, 61, 70, 377, 438 (16)
36, 61, 70, 377, 480 (15)
36, 61, 70, 394, 438 (15)
36, 61, 70, 394, 480 (14)
36, 61, 70, 438, 480 (15)
36, 61, 71, 205, 300 (16)
36, 61, 71, 205, 377 (16)
36, 61, 71, 205, 394 (15)
36, 61, 71, 205, 438 (16)
36, 61, 71, 205, 480 (15)
36, 61, 71, 300, 377 (16)
36, 61, 71, 300, 394 (15)
36, 61, 71, 300, 438 (16)
36, 61, 71, 300, 480 (15)
36, 61, 71, 377, 394 (15)
36, 61, 71, 377, 438 (16)
36, 61, 71, 377, 480 (15)
36, 61, 71, 394, 438 (15)
36, 61, 71, 394, 480 (14)
36, 61, 71, 438, 480 (15)
36, 61, 205, 300, 377 (16)
36, 61, 205, 300, 394 (15)
36, 61, 205, 300, 438 (16)
36, 61, 205, 300, 480 (15)
36, 61, 205, 377, 394 (15)
36, 61, 205, 377, 438 (16)
36, 61, 205, 377, 480 (15)
36, 61, 205, 394, 438 (15)
36, 61, 205, 394, 480 (14)
36, 61, 205, 438, 480 (15)
36, 61, 300, 377, 394 (15)
36, 61, 300, 377, 438 (16)
36, 61, 300, 377, 480 (15)
36, 61, 300, 394, 438 (15)
36, 61, 300, 394, 480 (14)
36, 61, 300, 438, 480 (15)
36, 61, 377, 394, 438 (15)
36, 61, 377, 394, 480 (14)
36, 61, 377, 438, 480 (15)
36, 61, 394, 438, 480 (14)
36, 70, 71, 205, 300 (16)
36, 70, 71, 205, 377 (16)
36, 70, 71, 205, 394 (15)
36, 70, 71, 205, 438 (16)
36, 70, 71, 205, 480 (15)
36, 70, 71, 300, 377 (16)
36, 70, 71, 300, 394 (15)
36, 70, 71, 300, 438 (16)
36, 70, 71, 300, 480 (15)
36, 70, 71, 377, 394 (15)
36, 70, 71, 377, 438 (16)
36, 70, 71, 377, 480 (15)
36, 70, 71, 394, 438 (15)
36, 70, 71, 394, 480 (14)
36, 70, 71, 438, 480 (15)
36, 70, 205, 300, 377 (16)
36, 70, 205, 300, 394 (15)
36, 70, 205, 300, 438 (16)
36, 70, 205, 300, 480 (15)
36, 70, 205, 377, 394 (15)
36, 70, 205, 377, 438 (16)
36, 70, 205, 377, 480 (15)
36, 70, 205, 394, 438 (15)
36, 70, 205, 394, 480 (14)
36, 70, 205, 438, 480 (15)
36, 70, 300, 377, 394 (15)
36, 70, 300, 377, 438 (16)
36, 70, 300, 377, 480 (15)
36, 70, 300, 394, 438 (15)
36, 70, 300, 394, 480 (14)
36, 70, 300, 438, 480 (15)
36, 70, 377, 394, 438 (15)
36, 70, 377, 394, 480 (14)
36, 70, 377, 438, 480 (15)
36, 70, 394, 438, 480 (14)
36, 71, 205, 300, 377 (16)
36, 71, 205, 300, 394 (15)
36, 71, 205, 300, 438 (16)
36, 71, 205, 300, 480 (15)
36, 71, 205, 377, 394 (15)
36, 71, 205, 377, 438 (16)
36, 71, 205, 377, 480 (15)
36, 71, 205, 394, 438 (15)
36, 71, 205, 394, 480 (14)
36, 71, 205, 438, 480 (15)
36, 71, 300, 377, 394 (15)
36, 71, 300, 377, 438 (16)
36, 71, 300, 377, 480 (15)
36, 71, 300, 394, 438 (15)
36, 71, 300, 394, 480 (14)
36, 71, 300, 438, 480 (15)
36, 71, 377, 394, 438 (15)
36, 71, 377, 394, 480 (14)
36, 71, 377, 438, 480 (15)
36, 71, 394, 438, 480 (14)
36, 88, 259, 266, 285 (10)
36, 88, 259, 266, 316 (10)
36, 205, 300, 377, 394 (15)
36, 205, 300, 377, 438 (16)
36, 205, 300, 377, 480 (15)
36, 205, 300, 394, 438 (15)
36, 205, 300, 394, 480 (14)
36, 205, 300, 438, 480 (15)
36, 205, 377, 394, 438 (15)
36, 205, 377, 394, 480 (14)
36, 205, 377, 438, 480 (15)
36, 205, 394, 438, 480 (14)
36, 300, 377, 394, 438 (15)
36, 300, 377, 394, 480 (14)
36, 300, 377, 438, 480 (15)
36, 300, 394, 438, 480 (14)
36, 377, 394, 438, 480 (14)
37, 53, 57, 111, 143 (13)
37, 53, 57, 111, 145 (13)
37, 53, 57, 111, 413 (13)
37, 53, 57, 143, 145 (14)
37, 53, 57, 143, 413 (13)
37, 53, 57, 145, 413 (13)
37, 53, 111, 143, 145 (13)
37, 53, 111, 143, 413 (13)
37, 53, 111, 145, 413 (13)
37, 53, 143, 145, 413 (13)
37, 57, 111, 143, 145 (13)
37, 57, 111, 143, 413 (13)
37, 57, 111, 145, 413 (13)
37, 57, 143, 145, 413 (13)
37, 73, 132, 222, 316 (10)
37, 73, 132, 222, 343 (10)
37, 73, 132, 222, 430 (10)
37, 73, 132, 316, 343 (10)
37, 73, 132, 316, 430 (10)
37, 73, 132, 343, 430 (10)
37, 73, 222, 316, 343 (11)
37, 73, 222, 316, 430 (11)
37, 73, 222, 343, 430 (11)
37, 73, 316, 343, 430 (11)
37, 111, 143, 145, 413 (13)
37, 132, 222, 316, 343 (10)
37, 132, 222, 316, 430 (10)
37, 132, 222, 343, 430 (10)
37, 132, 316, 343, 430 (10)
37, 171, 235, 411, 419 (12)
37, 171, 235, 411, 422 (12)
37, 171, 235, 419, 422 (13)
37, 171, 411, 419, 422 (12)
37, 222, 316, 343, 430 (11)
37, 235, 411, 419, 422 (13)
38, 45, 98, 112, 198 (11)
38, 45, 98, 112, 263 (11)
38, 45, 98, 112, 354 (11)
38, 45, 98, 112, 392 (11)
38, 45, 98, 198, 263 (11)
38, 45, 98, 198, 354 (11)
38, 45, 98, 198, 392 (11)
38, 45, 98, 263, 354 (11)
38, 45, 98, 263, 392 (11)
38, 45, 98, 354, 392 (11)
38, 45, 112, 198, 263 (11)
38, 45, 112, 198, 354 (11)
38, 45, 112, 198, 392 (11)
38, 45, 112, 263, 354 (11)
38, 45, 112, 263, 392 (11)
38, 45, 112, 354, 392 (11)
38, 45, 198, 263, 354 (11)
38, 45, 198, 263, 392 (11)
38, 45, 198, 354, 392 (11)
38, 45, 263, 354, 392 (11)
38, 98, 112, 198, 263 (11)
38, 98, 112, 198, 354 (11)
38, 98, 112, 198, 392 (11)
38, 98, 112, 263, 354 (11)
38, 98, 112, 263, 392 (11)
38, 98, 112, 354, 392 (11)
38, 98, 198, 263, 354 (11)
38, 98, 198, 263, 392 (11)
38, 98, 198, 354, 392 (11)
38, 98, 263, 354, 392 (11)
38, 112, 198, 263, 354 (11)
38, 112, 198, 263, 392 (11)
38, 112, 198, 354, 392 (11)
38, 112, 263, 354, 392 (11)
38, 120, 216, 307, 458 (12)
38, 145, 332, 415, 422 (10)
38, 145, 332, 422, 449 (10)
38, 145, 415, 422, 449 (10)
38, 198, 263, 354, 392 (11)
38, 316, 348, 355, 368 (11)
38, 316, 348, 355, 373 (11)
38, 316, 348, 355, 396 (11)
38, 316, 348, 368, 373 (11)
38, 316, 348, 368, 396 (11)
38, 316, 348, 373, 396 (11)
38, 316, 355, 368, 373 (11)
38, 316, 355, 368, 396 (11)
38, 316, 355, 373, 396 (11)
38, 316, 368, 373, 396 (11)
38, 332, 415, 422, 449 (10)
38, 348, 355, 368, 373 (11)
38, 348, 355, 368, 396 (11)
38, 348, 355, 373, 396 (11)
38, 348, 368, 373, 396 (11)
38, 355, 368, 373, 396 (11)
39, 43, 283, 378, 424 (10)
39, 108, 263, 306, 345 (12)
39, 108, 263, 306, 498 (13)
39, 108, 263, 345, 498 (12)
39, 108, 306, 345, 498 (12)
39, 262, 364, 388, 422 (10)
39, 262, 364, 388, 450 (10)
39, 262, 364, 388, 478 (10)
39, 262, 364, 422, 450 (10)
39, 262, 364, 422, 478 (10)
39, 262, 364, 450, 478 (10)
39, 262, 388, 422, 450 (10)
39, 262, 388, 422, 478 (10)
39, 262, 388, 450, 478 (10)
39, 262, 422, 450, 478 (10)
39, 263, 306, 345, 498 (13)
39, 364, 388, 422, 450 (10)
39, 364, 388, 422, 478 (10)
39, 364, 388, 450, 478 (10)
39, 364, 422, 450, 478 (10)
39, 388, 422, 450, 478 (10)
40, 43, 205, 208, 258 (10)
40, 43, 205, 208, 423 (10)
40, 43, 205, 258, 423 (10)
40, 43, 208, 258, 423 (10)
40, 205, 208, 258, 423 (10)
41, 82, 120, 374, 377 (10)
41, 111, 229, 259, 281 (10)
41, 111, 229, 259, 402 (10)
41, 111, 229, 281, 322 (10)
41, 111, 229, 281, 402 (11)
41, 111, 229, 322, 402 (10)
41, 111, 259, 281, 322 (10)
41, 111, 259, 281, 402 (11)
41, 111, 259, 322, 402 (10)
41, 111, 281, 322, 402 (11)
41, 229, 259, 281, 402 (10)
41, 229, 281, 322, 402 (10)
41, 259, 281, 322, 402 (10)
42, 110, 156, 165, 263 (15)
42, 110, 156, 165, 277 (15)
42, 110, 156, 165, 427 (15)
42, 110, 156, 263, 277 (16)
42, 110, 156, 263, 427 (16)
42, 110, 156, 277, 427 (16)
42, 110, 165, 263, 277 (17)
42, 110, 165, 263, 427 (17)
42, 110, 165, 277, 427 (17)
42, 110, 263, 277, 427 (18)
42, 156, 165, 263, 277 (15)
42, 156, 165, 263, 427 (15)
42, 156, 165, 277, 427 (15)
42, 156, 263, 277, 427 (16)
42, 165, 263, 277, 427 (17)
43, 51, 334, 351, 402 (10)
43, 51, 334, 402, 477 (10)
43, 53, 88, 322, 346 (10)
43, 53, 151, 322, 346 (10)
43, 55, 141, 239, 304 (10)
43, 61, 93, 108, 185 (18)
43, 61, 93, 108, 354 (18)
43, 61, 93, 108, 420 (18)
43, 61, 93, 108, 489 (19)
43, 61, 93, 185, 354 (18)
43, 61, 93, 185, 420 (18)
43, 61, 93, 185, 489 (19)
43, 61, 93, 354, 420 (18)
43, 61, 93, 354, 489 (19)
43, 61, 93, 420, 489 (19)
43, 61, 108, 185, 354 (17)
43, 61, 108, 185, 420 (17)
43, 61, 108, 185, 489 (18)
43, 61, 108, 354, 420 (17)
43, 61, 108, 354, 489 (18)
43, 61, 108, 420, 489 (18)
43, 61, 185, 354, 420 (17)
43, 61, 185, 354, 489 (18)
43, 61, 185, 420, 489 (18)
43, 61, 354, 420, 489 (18)
43, 91, 130, 266, 313 (14)
43, 93, 108, 185, 354 (17)
43, 93, 108, 185, 420 (17)
43, 93, 108, 185, 489 (18)
43, 93, 108, 354, 420 (17)
43, 93, 108, 354, 489 (18)
43, 93, 108, 420, 489 (18)
43, 93, 185, 354, 420 (17)
43, 93, 185, 354, 489 (18)
43, 93, 185, 420, 489 (18)
43, 93, 354, 420, 489 (18)
43, 108, 185, 354, 420 (16)
43, 108, 185, 354, 489 (17)
43, 108, 185, 420, 489 (17)
43, 108, 354, 420, 489 (17)
43, 185, 354, 420, 489 (17)
43, 192, 266, 290, 320 (14)
43, 205, 208, 258, 423 (10)
45, 55, 204, 222, 236 (13)
45, 55, 204, 222, 239 (13)
45, 55, 204, 222, 416 (13)
45, 55, 204, 236, 239 (13)
45, 55, 204, 236, 416 (13)
45, 55, 204, 239, 416 (13)
45, 55, 222, 236, 239 (13)
45, 55, 222, 236, 416 (13)
45, 55, 222, 239, 416 (13)
45, 55, 236, 239, 416 (13)
45, 77, 120, 243, 443 (10)
45, 77, 120, 243, 462 (10)
45, 77, 120, 443, 462 (10)
45, 77, 243, 443, 462 (10)
45, 88, 259, 266, 285 (10)
45, 88, 259, 266, 316 (10)
45, 98, 112, 198, 263 (12)
45, 98, 112, 198, 354 (12)
45, 98, 112, 198, 392 (12)
45, 98, 112, 263, 354 (12)
45, 98, 112, 263, 392 (12)
45, 98, 112, 354, 392 (12)
45, 98, 198, 263, 354 (12)
45, 98, 198, 263, 392 (12)
45, 98, 198, 354, 392 (12)
45, 98, 263, 354, 392 (12)
45, 112, 198, 263, 354 (12)
45, 112, 198, 263, 392 (12)
45, 112, 198, 354, 392 (12)
45, 112, 263, 354, 392 (12)
45, 120, 243, 443, 462 (10)
45, 122, 162, 326, 450 (10)
45, 132, 146, 234, 368 (14)
45, 132, 146, 234, 390 (14)
45, 132, 146, 234, 469 (13)
45, 132, 146, 368, 390 (14)
45, 132, 146, 368, 469 (13)
45, 132, 146, 390, 469 (13)
45, 132, 234, 368, 390 (14)
45, 132, 234, 368, 469 (13)
45, 132, 234, 390, 469 (13)
45, 132, 368, 390, 469 (13)
45, 146, 234, 368, 390 (14)
45, 146, 234, 368, 469 (13)
45, 146, 234, 390, 469 (13)
45, 146, 368, 390, 469 (13)
45, 198, 263, 354, 392 (12)
45, 204, 222, 236, 239 (13)
45, 204, 222, 236, 416 (13)
45, 204, 222, 239, 416 (13)
45, 204, 236, 239, 416 (13)
45, 222, 236, 239, 416 (13)
45, 234, 368, 390, 469 (13)
46, 103, 208, 397, 459 (11)
46, 110, 185, 304, 346 (10)
46, 110, 185, 319, 346 (10)
46, 110, 185, 346, 356 (10)
46, 116, 120, 203, 474 (12)
46, 185, 304, 319, 346 (10)
46, 185, 304, 346, 356 (10)
46, 185, 319, 346, 356 (10)
48, 78, 274, 352, 370 (10)
48, 78, 274, 352, 413 (10)
48, 78, 274, 370, 413 (10)
48, 78, 352, 370, 413 (10)
48, 151, 165, 214, 494 (10)
48, 229, 401, 424, 476 (10)
48, 274, 352, 370, 413 (10)
49, 140, 254, 318, 438 (10)
51, 190, 275, 351, 419 (10)
53, 57, 111, 143, 145 (13)
53, 57, 111, 143, 413 (13)
53, 57, 111, 145, 413 (13)
53, 57, 143, 145, 413 (13)
53, 58, 205, 275, 474 (12)
53, 58, 205, 275, 489 (12)
53, 58, 205, 474, 489 (12)
53, 58, 275, 474, 489 (12)
53, 88, 151, 322, 346 (10)
53, 97, 145, 349, 477 (11)
53, 111, 143, 145, 413 (13)
53, 124, 205, 266, 326 (14)
53, 124, 205, 266, 411 (14)
53, 124, 205, 266, 480 (14)
53, 124, 205, 326, 411 (15)
53, 124, 205, 326, 480 (15)
53, 124, 205, 411, 480 (16)
53, 124, 266, 326, 411 (14)
53, 124, 266, 326, 480 (14)
53, 124, 266, 411, 480 (14)
53, 124, 326, 411, 480 (15)
53, 130, 180, 230, 239 (10)
53, 130, 180, 230, 285 (10)
53, 130, 180, 230, 299 (10)
53, 130, 180, 230, 354 (10)
53, 130, 180, 239, 285 (12)
53, 130, 180, 239, 299 (12)
53, 130, 180, 239, 354 (12)
53, 130, 180, 285, 299 (12)
53, 130, 180, 285, 354 (12)
53, 130, 180, 299, 354 (12)
53, 130, 230, 239, 285 (11)
53, 130, 230, 239, 299 (11)
53, 130, 230, 239, 354 (11)
53, 130, 230, 285, 299 (11)
53, 130, 230, 285, 354 (11)
53, 130, 230, 299, 354 (11)
53, 130, 239, 285, 299 (13)
53, 130, 239, 285, 354 (13)
53, 130, 239, 299, 354 (13)
53, 130, 285, 299, 354 (13)
53, 180, 230, 239, 285 (10)
53, 180, 230, 239, 299 (10)
53, 180, 230, 239, 354 (10)
53, 180, 230, 285, 299 (10)
53, 180, 230, 285, 354 (10)
53, 180, 230, 299, 354 (10)
53, 180, 239, 285, 299 (12)
53, 180, 239, 285, 354 (12)
53, 180, 239, 299, 354 (12)
53, 180, 285, 299, 354 (12)
53, 205, 266, 326, 411 (14)
53, 205, 266, 326, 480 (14)
53, 205, 266, 411, 480 (14)
53, 205, 275, 474, 489 (12)
53, 205, 326, 411, 480 (15)
53, 230, 239, 285, 299 (11)
53, 230, 239, 285, 354 (11)
53, 230, 239, 299, 354 (11)
53, 230, 285, 299, 354 (11)
53, 239, 285, 299, 354 (13)
53, 266, 326, 411, 480 (14)
54, 158, 226, 275, 419 (16)
54, 158, 226, 275, 440 (17)
54, 158, 226, 419, 440 (18)
54, 158, 275, 419, 440 (15)
54, 226, 275, 419, 440 (15)
55, 140, 162, 227, 242 (11)
55, 140, 162, 227, 305 (11)
55, 140, 162, 227, 470 (11)
55, 140, 162, 242, 305 (11)
55, 140, 162, 242, 470 (11)
55, 140, 162, 305, 470 (11)
55, 140, 227, 242, 305 (11)
55, 140, 227, 242, 470 (11)
55, 140, 227, 305, 470 (11)
55, 140, 242, 305, 470 (11)
55, 141, 239, 304, 384 (10)
55, 162, 227, 242, 305 (11)
55, 162, 227, 242, 470 (11)
55, 162, 227, 305, 470 (11)
55, 162, 242, 305, 470 (11)
55, 204, 222, 236, 239 (13)
55, 204, 222, 236, 416 (13)
55, 204, 222, 239, 416 (13)
55, 204, 236, 239, 416 (13)
55, 222, 236, 239, 416 (13)
55, 227, 242, 305, 470 (11)
55, 227, 287, 294, 309 (12)
57, 111, 143, 145, 413 (13)
58, 205, 275, 474, 489 (12)
60, 93, 208, 280, 294 (11)
60, 93, 208, 280, 368 (11)
60, 93, 208, 294, 368 (11)
60, 93, 280, 294, 368 (12)
60, 208, 280, 294, 368 (13)
61, 70, 71, 205, 300 (16)
61, 70, 71, 205, 377 (16)
61, 70, 71, 205, 394 (15)
61, 70, 71, 205, 438 (16)
61, 70, 71, 205, 480 (15)
61, 70, 71, 300, 377 (16)
61, 70, 71, 300, 394 (15)
61, 70, 71, 300, 438 (16)
61, 70, 71, 300, 480 (15)
61, 70, 71, 377, 394 (15)
61, 70, 71, 377, 438 (16)
61, 70, 71, 377, 480 (15)
61, 70, 71, 394, 438 (15)
61, 70, 71, 394, 480 (14)
61, 70, 71, 438, 480 (15)
61, 70, 205, 300, 377 (16)
61, 70, 205, 300, 394 (15)
61, 70, 205, 300, 438 (16)
61, 70, 205, 300, 480 (15)
61, 70, 205, 377, 394 (15)
61, 70, 205, 377, 438 (16)
61, 70, 205, 377, 480 (15)
61, 70, 205, 394, 438 (15)
61, 70, 205, 394, 480 (14)
61, 70, 205, 438, 480 (15)
61, 70, 300, 377, 394 (15)
61, 70, 300, 377, 438 (16)
61, 70, 300, 377, 480 (15)
61, 70, 300, 394, 438 (15)
61, 70, 300, 394, 480 (14)
61, 70, 300, 438, 480 (15)
61, 70, 377, 394, 438 (15)
61, 70, 377, 394, 480 (14)
61, 70, 377, 438, 480 (15)
61, 70, 394, 438, 480 (14)
61, 71, 205, 300, 377 (16)
61, 71, 205, 300, 394 (15)
61, 71, 205, 300, 438 (16)
61, 71, 205, 300, 480 (15)
61, 71, 205, 377, 394 (15)
61, 71, 205, 377, 438 (16)
61, 71, 205, 377, 480 (15)
61, 71, 205, 394, 438 (15)
61, 71, 205, 394, 480 (14)
61, 71, 205, 438, 480 (15)
61, 71, 300, 377, 394 (15)
61, 71, 300, 377, 438 (16)
61, 71, 300, 377, 480 (15)
61, 71, 300, 394, 438 (15)
61, 71, 300, 394, 480 (14)
61, 71, 300, 438, 480 (15)
61, 71, 377, 394, 438 (15)
61, 71, 377, 394, 480 (14)
61, 71, 377, 438, 480 (15)
61, 71, 394, 438, 480 (14)
61, 93, 108, 185, 354 (17)
61, 93, 108, 185, 420 (17)
61, 93, 108, 185, 489 (18)
61, 93, 108, 354, 420 (17)
61, 93, 108, 354, 489 (18)
61, 93, 108, 420, 489 (18)
61, 93, 185, 354, 420 (17)
61, 93, 185, 354, 489 (18)
61, 93, 185, 420, 489 (18)
61, 93, 354, 420, 489 (18)
61, 108, 185, 354, 420 (16)
61, 108, 185, 354, 489 (17)
61, 108, 185, 420, 489 (17)
61, 108, 354, 420, 489 (17)
61, 145, 227, 229, 239 (12)
61, 145, 227, 229, 486 (12)
61, 145, 227, 239, 486 (12)
61, 145, 229, 239, 486 (12)
61, 185, 354, 420, 489 (17)
61, 205, 300, 377, 394 (15)
61, 205, 300, 377, 438 (16)
61, 205, 300, 377, 480 (15)
61, 205, 300, 394, 438 (15)
61, 205, 300, 394, 480 (14)
61, 205, 300, 438, 480 (15)
61, 205, 377, 394, 438 (15)
61, 205, 377, 394, 480 (14)
61, 205, 377, 438, 480 (15)
61, 205, 394, 438, 480 (14)
61, 227, 229, 239, 486 (12)
61, 300, 377, 394, 438 (15)
61, 300, 377, 394, 480 (14)
61, 300, 377, 438, 480 (15)
61, 300, 394, 438, 480 (14)
61, 377, 394, 438, 480 (14)
63, 201, 332, 350, 362 (13)
63, 201, 332, 350, 381 (14)
63, 201, 332, 350, 477 (13)
63, 201, 332, 362, 381 (13)
63, 201, 332, 362, 477 (13)
63, 201, 332, 381, 477 (13)
63, 201, 350, 362, 381 (13)
63, 201, 350, 362, 477 (13)
63, 201, 350, 381, 477 (13)
63, 201, 362, 381, 477 (13)
63, 332, 350, 362, 381 (13)
63, 332, 350, 362, 477 (13)
63, 332, 350, 381, 477 (13)
63, 332, 362, 381, 477 (13)
63, 350, 362, 381, 477 (13)
65, 71, 110, 307, 328 (14)
65, 71, 110, 307, 338 (14)
65, 71, 110, 307, 401 (14)
65, 71, 110, 328, 338 (14)
65, 71, 110, 328, 401 (14)
65, 71, 110, 338, 401 (14)
65, 71, 307, 328, 338 (14)
65, 71, 307, 328, 401 (14)
65, 71, 307, 338, 401 (14)
65, 71, 328, 338, 401 (14)
65, 110, 307, 328, 338 (14)
65, 110, 307, 328, 401 (14)
65, 110, 307, 338, 401 (14)
65, 110, 328, 338, 401 (14)
65, 307, 328, 338, 401 (14)
68, 183, 187, 236, 422 (13)
69, 100, 120, 335, 387 (10)
69, 100, 120, 335, 467 (10)
69, 100, 120, 387, 467 (10)
69, 100, 335, 387, 467 (10)
69, 111, 229, 242, 354 (12)
69, 111, 229, 242, 443 (12)
69, 111, 229, 242, 494 (11)
69, 111, 229, 354, 443 (12)
69, 111, 229, 354, 494 (11)
69, 111, 229, 443, 494 (11)
69, 111, 242, 354, 443 (12)
69, 111, 242, 354, 494 (11)
69, 111, 242, 443, 494 (11)
69, 111, 354, 443, 494 (13)
69, 120, 335, 387, 467 (11)
69, 158, 279, 283, 295 (18)
69, 158, 279, 283, 422 (18)
69, 158, 279, 295, 422 (19)
69, 158, 283, 295, 422 (18)
69, 229, 242, 354, 443 (12)
69, 229, 242, 354, 494 (11)
69, 229, 242, 443, 494 (11)
69, 229, 354, 443, 494 (11)
69, 242, 354, 443, 494 (11)
69, 279, 283, 295, 422 (18)
70, 71, 205, 300, 377 (16)
70, 71, 205, 300, 394 (15)
70, 71, 205, 300, 438 (16)
70, 71, 205, 300, 480 (15)
70, 71, 205, 377, 394 (15)
70, 71, 205, 377, 438 (16)
70, 71, 205, 377, 480 (15)
70, 71, 205, 394, 438 (15)
70, 71, 205, 394, 480 (14)
70, 71, 205, 438, 480 (15)
70, 71, 300, 377, 394 (15)
70, 71, 300, 377, 438 (16)
70, 71, 300, 377, 480 (15)
70, 71, 300, 394, 438 (15)
70, 71, 300, 394, 480 (14)
70, 71, 300, 438, 480 (15)
70, 71, 377, 394, 438 (15)
70, 71, 377, 394, 480 (14)
70, 71, 377, 438, 480 (15)
70, 71, 394, 438, 480 (14)
70, 73, 122, 160, 368 (12)
70, 73, 122, 160, 400 (12)
70, 73, 122, 368, 400 (13)
70, 73, 160, 368, 400 (13)
70, 95, 145, 147, 205 (10)
70, 95, 147, 205, 360 (10)
70, 95, 147, 205, 423 (10)
70, 95, 147, 360, 423 (10)
70, 95, 205, 360, 423 (10)
70, 122, 160, 368, 400 (12)
70, 130, 143, 159, 177 (12)
70, 130, 143, 159, 240 (12)
70, 130, 143, 159, 393 (11)
70, 130, 143, 177, 240 (13)
70, 130, 143, 177, 393 (12)
70, 130, 143, 240, 393 (12)
70, 130, 159, 177, 240 (12)
70, 130, 159, 177, 393 (11)
70, 130, 159, 240, 393 (11)
70, 130, 177, 240, 393 (12)
70, 143, 159, 177, 240 (13)
70, 143, 159, 177, 393 (12)
70, 143, 159, 240, 393 (12)
70, 143, 177, 240, 393 (13)
70, 145, 162, 202, 217 (10)
70, 145, 162, 202, 310 (12)
70, 145, 162, 202, 461 (12)
70, 145, 162, 217, 310 (12)
70, 145, 162, 217, 461 (12)
70, 145, 162, 310, 461 (14)
70, 145, 202, 217, 310 (10)
70, 145, 202, 217, 461 (10)
70, 145, 202, 310, 461 (12)
70, 145, 217, 310, 461 (12)
70, 147, 205, 360, 423 (10)
70, 159, 177, 240, 393 (12)
70, 162, 202, 217, 310 (11)
70, 162, 202, 217, 461 (11)
70, 162, 202, 310, 461 (13)
70, 162, 217, 310, 461 (13)
70, 202, 217, 310, 461 (11)
70, 205, 300, 377, 394 (15)
70, 205, 300, 377, 438 (16)
70, 205, 300, 377, 480 (15)
70, 205, 300, 394, 438 (15)
70, 205, 300, 394, 480 (14)
70, 205, 300, 438, 480 (15)
70, 205, 377, 394, 438 (15)
70, 205, 377, 394, 480 (14)
70, 205, 377, 438, 480 (15)
70, 205, 394, 438, 480 (14)
70, 300, 377, 394, 438 (15)
70, 300, 377, 394, 480 (14)
70, 300, 377, 438, 480 (15)
70, 300, 394, 438, 480 (14)
70, 377, 394, 438, 480 (14)
71, 72, 123, 360, 362 (10)
71, 72, 123, 360, 400 (10)
71, 72, 123, 362, 400 (10)
71, 72, 360, 362, 400 (10)
71, 98, 114, 407, 419 (10)
71, 98, 114, 407, 459 (10)
71, 98, 114, 419, 459 (10)
71, 98, 407, 419, 459 (11)
71, 104, 132, 161, 234 (13)
71, 104, 132, 161, 350 (13)
71, 104, 132, 161, 421 (11)
71, 104, 132, 161, 459 (11)
71, 104, 132, 234, 350 (13)
71, 104, 132, 234, 421 (11)
71, 104, 132, 234, 459 (11)
71, 104, 132, 350, 421 (11)
71, 104, 132, 350, 459 (11)
71, 104, 161, 234, 350 (13)
71, 104, 161, 234, 421 (12)
71, 104, 161, 234, 459 (11)
71, 104, 161, 350, 421 (11)
71, 104, 161, 350, 459 (11)
71, 104, 161, 421, 459 (10)
71, 104, 234, 350, 421 (11)
71, 104, 234, 350, 459 (11)
71, 110, 307, 328, 338 (14)
71, 110, 307, 328, 401 (14)
71, 110, 307, 338, 401 (14)
71, 110, 328, 338, 401 (14)
71, 114, 407, 419, 459 (10)
71, 123, 360, 362, 400 (10)
71, 132, 161, 234, 350 (13)
71, 132, 161, 234, 421 (11)
71, 132, 161, 234, 459 (11)
71, 132, 161, 350, 421 (11)
71, 132, 161, 350, 459 (11)
71, 132, 234, 350, 421 (11)
71, 132, 234, 350, 459 (11)
71, 161, 234, 350, 421 (11)
71, 161, 234, 350, 459 (11)
71, 161, 242, 280, 368 (11)
71, 161, 242, 280, 421 (12)
71, 161, 242, 280, 427 (12)
71, 161, 242, 368, 421 (12)
71, 161, 242, 368, 427 (12)
71, 161, 242, 421, 427 (13)
71, 161, 280, 368, 421 (12)
71, 161, 280, 368, 427 (12)
71, 161, 280, 421, 427 (13)
71, 161, 368, 421, 427 (13)
71, 205, 300, 377, 394 (15)
71, 205, 300, 377, 438 (16)
71, 205, 300, 377, 480 (15)
71, 205, 300, 394, 438 (15)
71, 205, 300, 394, 480 (14)
71, 205, 300, 438, 480 (15)
71, 205, 377, 394, 438 (15)
71, 205, 377, 394, 480 (14)
71, 205, 377, 438, 480 (15)
71, 205, 394, 438, 480 (14)
71, 242, 280, 368, 421 (12)
71, 242, 280, 368, 427 (12)
71, 242, 280, 421, 427 (13)
71, 242, 368, 421, 427 (13)
71, 280, 368, 421, 427 (13)
71, 300, 377, 394, 438 (15)
71, 300, 377, 394, 480 (14)
71, 300, 377, 438, 480 (15)
71, 300, 394, 438, 480 (14)
71, 307, 328, 338, 401 (14)
71, 377, 394, 438, 480 (14)
72, 103, 163, 242, 285 (10)
72, 123, 360, 362, 400 (10)
72, 132, 285, 294, 395 (10)
72, 266, 290, 357, 427 (15)
72, 323, 353, 400, 483 (10)
73, 82, 100, 125, 470 (12)
73, 82, 100, 125, 477 (12)
73, 82, 100, 125, 489 (13)
73, 82, 100, 470, 477 (11)
73, 82, 100, 470, 489 (12)
73, 82, 100, 477, 489 (12)
73, 82, 125, 470, 477 (11)
73, 82, 125, 470, 489 (12)
73, 82, 125, 477, 489 (12)
73, 82, 470, 477, 489 (11)
73, 100, 125, 470, 477 (12)
73, 100, 125, 470, 489 (13)
73, 100, 125, 477, 489 (13)
73, 100, 470, 477, 489 (12)
73, 122, 160, 368, 400 (12)
73, 125, 470, 477, 489 (13)
73, 132, 222, 316, 343 (11)
73, 132, 222, 316, 430 (11)
73, 132, 222, 343, 430 (11)
73, 132, 316, 343, 430 (11)
73, 146, 226, 352, 450 (11)
73, 222, 316, 343, 430 (12)
75, 118, 258, 268, 460 (10)
75, 196, 276, 470, 474 (12)
77, 120, 243, 443, 462 (10)
77, 277, 294, 326, 400 (11)
78, 274, 352, 370, 413 (11)
79, 286, 308, 319, 400 (10)
79, 286, 308, 319, 467 (11)
79, 286, 308, 381, 400 (10)
79, 286, 308, 381, 467 (10)
79, 286, 308, 400, 467 (11)
79, 286, 319, 400, 467 (10)
79, 308, 319, 400, 467 (10)
80, 116, 346, 370, 478 (11)
80, 120, 240, 352, 464 (10)
81, 280, 310, 379, 390 (11)
82, 85, 321, 343, 492 (15)
82, 96, 171, 181, 216 (16)
82, 97, 175, 309, 377 (10)
82, 97, 175, 309, 461 (10)
82, 97, 175, 309, 494 (10)
82, 97, 175, 377, 461 (10)
82, 97, 175, 377, 494 (10)
82, 97, 175, 461, 494 (10)
82, 97, 309, 377, 461 (10)
82, 97, 309, 377, 494 (10)
82, 97, 309, 461, 494 (10)
82, 97, 377, 461, 494 (10)
82, 100, 125, 470, 477 (12)
82, 100, 125, 470, 489 (14)
82, 100, 125, 477, 489 (13)
82, 100, 470, 477, 489 (12)
82, 125, 470, 477, 489 (12)
82, 175, 309, 377, 461 (10)
82, 175, 309, 377, 494 (10)
82, 175, 309, 461, 494 (10)
82, 175, 377, 461, 494 (10)
82, 286, 368, 460, 484 (11)
82, 309, 377, 461, 494 (10)
89, 163, 217, 266, 465 (15)
89, 163, 217, 266, 478 (15)
89, 163, 217, 266, 489 (15)
89, 163, 217, 465, 478 (15)
89, 163, 217, 465, 489 (15)
89, 163, 217, 478, 489 (15)
89, 163, 266, 465, 478 (16)
89, 163, 266, 465, 489 (16)
89, 163, 266, 478, 489 (16)
89, 163, 465, 478, 489 (16)
89, 217, 266, 465, 478 (16)
89, 217, 266, 465, 489 (16)
89, 217, 266, 478, 489 (16)
89, 217, 465, 478, 489 (16)
89, 266, 465, 478, 489 (17)
90, 175, 204, 205, 364 (12)
90, 175, 204, 205, 373 (11)
90, 175, 204, 205, 438 (11)
90, 175, 204, 364, 373 (11)
90, 175, 204, 364, 438 (10)
90, 175, 204, 373, 438 (10)
90, 175, 205, 364, 373 (12)
90, 175, 205, 364, 438 (11)
90, 175, 205, 373, 438 (11)
90, 175, 364, 373, 438 (11)
90, 204, 205, 364, 373 (11)
90, 204, 205, 364, 438 (10)
90, 204, 205, 373, 438 (10)
90, 204, 364, 373, 438 (10)
90, 205, 364, 373, 438 (11)
91, 143, 216, 217, 241 (12)
91, 143, 216, 217, 249 (10)
91, 143, 216, 217, 286 (13)
91, 143, 216, 217, 290 (12)
91, 143, 216, 241, 286 (12)
91, 143, 216, 241, 290 (11)
91, 143, 216, 249, 286 (10)
91, 143, 216, 249, 290 (10)
91, 143, 216, 286, 290 (12)
91, 143, 217, 241, 286 (12)
91, 143, 217, 241, 290 (11)
91, 143, 217, 249, 286 (10)
91, 143, 217, 249, 290 (10)
91, 143, 217, 286, 290 (12)
91, 143, 241, 286, 290 (11)
91, 143, 249, 286, 290 (10)
91, 216, 217, 241, 286 (12)
91, 216, 217, 241, 290 (11)
91, 216, 217, 249, 286 (10)
91, 216, 217, 249, 290 (10)
91, 216, 217, 286, 290 (12)
91, 216, 241, 286, 290 (12)
91, 216, 249, 286, 290 (10)
91, 217, 241, 286, 290 (11)
91, 217, 249, 286, 290 (10)
93, 108, 185, 354, 420 (16)
93, 108, 185, 354, 489 (17)
93, 108, 185, 420, 489 (17)
93, 108, 354, 420, 489 (17)
93, 185, 354, 420, 489 (17)
93, 208, 280, 294, 368 (12)
93, 224, 315, 443, 472 (17)
95, 147, 205, 360, 423 (10)
95, 206, 373, 437, 472 (12)
96, 204, 310, 322, 359 (16)
97, 175, 309, 377, 461 (10)
97, 175, 309, 377, 494 (10)
97, 175, 309, 461, 494 (10)
97, 175, 377, 461, 494 (10)
97, 226, 276, 300, 335 (10)
97, 226, 276, 300, 449 (10)
97, 226, 276, 335, 449 (10)
97, 226, 300, 335, 449 (10)
97, 276, 300, 335, 449 (10)
97, 309, 377, 461, 494 (10)
98, 112, 198, 263, 354 (12)
98, 112, 198, 263, 392 (12)
98, 112, 198, 354, 392 (12)
98, 112, 263, 354, 392 (12)
98, 114, 407, 419, 459 (10)
98, 198, 263, 354, 392 (12)
100, 120, 335, 387, 467 (10)
100, 125, 470, 477, 489 (13)
100, 208, 229, 244, 379 (12)
104, 131, 207, 443, 489 (19)
104, 132, 161, 234, 350 (14)
104, 132, 161, 234, 421 (12)
104, 132, 161, 234, 459 (12)
104, 132, 161, 350, 421 (12)
104, 132, 161, 350, 459 (12)
104, 132, 161, 421, 459 (10)
104, 132, 234, 350, 421 (12)
104, 132, 234, 350, 459 (12)
104, 132, 234, 421, 459 (10)
104, 132, 350, 421, 459 (10)
104, 161, 234, 350, 421 (12)
104, 161, 234, 350, 459 (12)
104, 161, 234, 421, 459 (10)
104, 161, 350, 421, 459 (10)
104, 234, 350, 421, 459 (10)
105, 112, 120, 154, 343 (16)
105, 112, 120, 154, 360 (16)
105, 112, 120, 154, 405 (15)
105, 112, 120, 154, 419 (14)
105, 112, 120, 343, 360 (17)
105, 112, 120, 343, 405 (16)
105, 112, 120, 343, 419 (15)
105, 112, 120, 360, 405 (16)
105, 112, 120, 360, 419 (15)
105, 112, 120, 405, 419 (14)
105, 112, 154, 343, 360 (16)
105, 112, 154, 343, 405 (15)
105, 112, 154, 343, 419 (14)
105, 112, 154, 360, 405 (15)
105, 112, 154, 360, 419 (14)
105, 112, 154, 405, 419 (13)
105, 112, 343, 360, 405 (16)
105, 112, 343, 360, 419 (15)
105, 112, 343, 405, 419 (14)
105, 112, 360, 405, 419 (14)
105, 120, 154, 343, 360 (17)
105, 120, 154, 343, 405 (16)
105, 120, 154, 343, 419 (15)
105, 120, 154, 360, 405 (16)
105, 120, 154, 360, 419 (15)
105, 120, 154, 405, 419 (14)
105, 120, 343, 360, 405 (17)
105, 120, 343, 360, 419 (16)
105, 120, 343, 405, 419 (15)
105, 120, 360, 405, 419 (15)
105, 128, 217, 258, 461 (11)
105, 154, 343, 360, 405 (16)
105, 154, 343, 360, 419 (15)
105, 154, 343, 405, 419 (14)
105, 154, 360, 405, 419 (14)
105, 343, 360, 405, 419 (15)
108, 185, 354, 420, 489 (16)
108, 263, 306, 345, 498 (12)
110, 112, 114, 307, 408 (10)
110, 118, 204, 207, 222 (10)
110, 118, 204, 207, 474 (10)
110, 118, 204, 222, 474 (10)
110, 118, 207, 222, 474 (10)
110, 156, 165, 263, 277 (16)
110, 156, 165, 263, 427 (16)
110, 156, 165, 277, 427 (16)
110, 156, 263, 277, 427 (18)
110, 165, 263, 277, 427 (18)
110, 204, 207, 222, 474 (10)
110, 207, 217, 372, 406 (11)
110, 267, 326, 470, 477 (20)
110, 307, 328, 338, 401 (14)
111, 229, 242, 354, 443 (12)
111, 229, 242, 354, 494 (11)
111, 229, 242, 443, 494 (11)
111, 229, 259, 281, 402 (10)
111, 229, 281, 322, 402 (10)
111, 229, 354, 443, 494 (11)
111, 242, 354, 443, 494 (11)
111, 259, 281, 322, 402 (10)
112, 120, 154, 343, 360 (16)
112, 120, 154, 343, 405 (15)
112, 120, 154, 343, 419 (14)
112, 120, 154, 360, 405 (15)
112, 120, 154, 360, 419 (14)
112, 120, 154, 405, 419 (13)
112, 120, 343, 360, 405 (16)
112, 120, 343, 360, 419 (15)
112, 120, 343, 405, 419 (14)
112, 120, 360, 405, 419 (14)
112, 154, 343, 360, 405 (15)
112, 154, 343, 360, 419 (14)
112, 154, 343, 405, 419 (13)
112, 154, 360, 405, 419 (13)
112, 183, 236, 280, 308 (12)
112, 183, 236, 280, 368 (13)
112, 183, 236, 308, 368 (12)
112, 183, 280, 308, 368 (12)
112, 198, 263, 354, 392 (12)
112, 236, 280, 308, 368 (14)
112, 343, 360, 405, 419 (14)
115, 177, 265, 307, 334 (16)
115, 177, 265, 307, 496 (15)
115, 177, 265, 334, 496 (15)
115, 177, 307, 334, 496 (16)
115, 196, 207, 366, 368 (11)
115, 196, 249, 285, 289 (14)
115, 196, 249, 285, 362 (14)
115, 196, 249, 285, 443 (14)
115, 196, 249, 285, 470 (14)
115, 196, 249, 289, 362 (15)
115, 196, 249, 289, 443 (15)
115, 196, 249, 289, 470 (15)
115, 196, 249, 362, 443 (15)
115, 196, 249, 362, 470 (15)
115, 196, 249, 443, 470 (15)
115, 196, 285, 289, 362 (16)
115, 196, 285, 289, 443 (16)
115, 196, 285, 289, 470 (16)
115, 196, 285, 362, 443 (16)
115, 196, 285, 362, 470 (16)
115, 196, 285, 443, 470 (16)
115, 196, 289, 362, 443 (17)
115, 196, 289, 362, 470 (17)
115, 196, 289, 443, 470 (17)
115, 196, 362, 443, 470 (17)
115, 236, 315, 377, 474 (11)
115, 249, 285, 289, 362 (14)
115, 249, 285, 289, 443 (14)
115, 249, 285, 289, 470 (14)
115, 249, 285, 362, 443 (14)
115, 249, 285, 362, 470 (14)
115, 249, 285, 443, 470 (14)
115, 249, 289, 362, 443 (15)
115, 249, 289, 362, 470 (15)
115, 249, 289, 443, 470 (15)
115, 249, 362, 443, 470 (15)
115, 265, 307, 334, 496 (16)
115, 283, 358, 397, 472 (13)
115, 285, 289, 362, 443 (16)
115, 285, 289, 362, 470 (16)
115, 285, 289, 443, 470 (16)
115, 285, 362, 443, 470 (16)
115, 289, 362, 443, 470 (17)
116, 145, 411, 461, 494 (20)
118, 143, 381, 395, 489 (11)
118, 204, 207, 222, 474 (10)
120, 132, 160, 350, 419 (11)
120, 132, 160, 350, 438 (12)
120, 132, 160, 350, 490 (12)
120, 132, 160, 419, 438 (11)
120, 132, 160, 419, 490 (11)
120, 132, 160, 438, 490 (12)
120, 132, 350, 419, 438 (11)
120, 132, 350, 419, 490 (11)
120, 132, 350, 438, 490 (12)
120, 132, 419, 438, 490 (11)
120, 154, 343, 360, 405 (16)
120, 154, 343, 360, 419 (15)
120, 154, 343, 405, 419 (14)
120, 154, 360, 405, 419 (14)
120, 158, 275, 278, 494 (11)
120, 160, 350, 419, 438 (11)
120, 160, 350, 419, 490 (11)
120, 160, 350, 438, 490 (12)
120, 160, 419, 438, 490 (11)
120, 190, 322, 367, 414 (11)
120, 190, 322, 367, 486 (11)
120, 190, 322, 367, 490 (11)
120, 190, 322, 414, 486 (11)
120, 190, 322, 414, 490 (11)
120, 190, 322, 486, 490 (11)
120, 190, 367, 414, 486 (11)
120, 190, 367, 414, 490 (11)
120, 190, 367, 486, 490 (11)
120, 190, 414, 486, 490 (11)
120, 322, 367, 414, 486 (11)
120, 322, 367, 414, 490 (11)
120, 322, 367, 486, 490 (11)
120, 322, 414, 486, 490 (11)
120, 343, 360, 405, 419 (15)
120, 350, 419, 438, 490 (11)
120, 367, 414, 486, 490 (11)
122, 145, 274, 319, 456 (10)
123, 234, 305, 322, 387 (12)
124, 205, 266, 326, 411 (14)
124, 205, 266, 326, 480 (14)
124, 205, 266, 411, 480 (14)
124, 205, 326, 411, 480 (15)
124, 266, 326, 411, 480 (14)
125, 242, 296, 328, 368 (17)
127, 175, 279, 381, 414 (14)
127, 175, 279, 381, 427 (14)
127, 175, 279, 381, 428 (14)
127, 175, 279, 414, 427 (15)
127, 175, 279, 414, 428 (15)
127, 175, 279, 427, 428 (15)
127, 175, 381, 414, 427 (14)
127, 175, 381, 414, 428 (14)
127, 175, 381, 427, 428 (14)
127, 175, 414, 427, 428 (15)
127, 279, 381, 414, 427 (15)
127, 279, 381, 414, 428 (15)
127, 279, 381, 427, 428 (15)
127, 279, 414, 427, 428 (16)
127, 381, 414, 427, 428 (15)
130, 143, 159, 177, 240 (12)
130, 143, 159, 177, 393 (11)
130, 143, 159, 240, 393 (11)
130, 143, 177, 240, 393 (12)
130, 156, 266, 276, 356 (10)
130, 156, 266, 276, 390 (10)
130, 156, 266, 356, 390 (10)
130, 156, 276, 356, 390 (10)
130, 159, 177, 240, 393 (11)
130, 180, 230, 239, 285 (11)
130, 180, 230, 239, 299 (11)
130, 180, 230, 239, 354 (11)
130, 180, 230, 285, 299 (11)
130, 180, 230, 285, 354 (11)
130, 180, 230, 299, 354 (11)
130, 180, 239, 285, 299 (13)
130, 180, 239, 285, 354 (13)
130, 180, 239, 299, 354 (13)
130, 180, 285, 299, 354 (13)
130, 230, 239, 285, 299 (12)
130, 230, 239, 285, 354 (12)
130, 230, 239, 299, 354 (12)
130, 230, 285, 299, 354 (12)
130, 239, 285, 299, 354 (14)
130, 266, 276, 356, 390 (10)
132, 145, 322, 346, 365 (17)
132, 145, 322, 346, 408 (16)
132, 145, 322, 346, 474 (15)
132, 145, 322, 365, 408 (17)
132, 145, 322, 365, 474 (17)
132, 145, 322, 408, 474 (15)
132, 145, 346, 365, 408 (17)
132, 145, 346, 365, 474 (15)
132, 145, 346, 408, 474 (14)
132, 145, 365, 408, 474 (15)
132, 146, 234, 368, 390 (14)
132, 146, 234, 368, 469 (13)
132, 146, 234, 390, 469 (13)
132, 146, 368, 390, 469 (13)
132, 160, 350, 419, 438 (11)
132, 160, 350, 419, 490 (11)
132, 160, 350, 438, 490 (12)
132, 160, 419, 438, 490 (11)
132, 161, 234, 350, 421 (12)
132, 161, 234, 350, 459 (12)
132, 161, 234, 421, 459 (10)
132, 161, 350, 421, 459 (10)
132, 222, 316, 343, 430 (11)
132, 234, 350, 421, 459 (10)
132, 234, 368, 390, 469 (13)
132, 322, 346, 365, 408 (16)
132, 322, 346, 365, 474 (15)
132, 322, 346, 408, 474 (14)
132, 322, 365, 408, 474 (15)
132, 346, 365, 408, 474 (14)
132, 350, 419, 438, 490 (11)
140, 145, 197, 205, 239 (11)
140, 145, 197, 205, 419 (11)
140, 145, 197, 205, 475 (11)
140, 145, 197, 239, 419 (11)
140, 145, 197, 239, 475 (11)
140, 145, 197, 419, 475 (11)
140, 145, 205, 239, 419 (13)
140, 145, 205, 239, 475 (13)
140, 145, 205, 419, 475 (13)
140, 145, 239, 419, 475 (13)
140, 162, 227, 242, 305 (11)
140, 162, 227, 242, 470 (11)
140, 162, 227, 305, 470 (11)
140, 162, 242, 305, 470 (11)
140, 190, 202, 229, 239 (10)
140, 190, 202, 239, 477 (10)
140, 197, 205, 239, 419 (12)
140, 197, 205, 239, 475 (12)
140, 197, 205, 419, 475 (12)
140, 197, 239, 419, 475 (12)
140, 202, 229, 239, 477 (10)
140, 205, 239, 419, 475 (14)
140, 224, 300, 302, 470 (10)
140, 227, 242, 305, 470 (11)
143, 159, 177, 240, 393 (12)
143, 216, 217, 241, 286 (12)
143, 216, 217, 241, 290 (11)
143, 216, 217, 249, 286 (10)
143, 216, 217, 249, 290 (10)
143, 216, 217, 286, 290 (12)
143, 216, 241, 286, 290 (11)
143, 216, 249, 286, 290 (10)
143, 217, 241, 286, 290 (11)
143, 217, 249, 286, 290 (10)
145, 162, 202, 217, 310 (11)
145, 162, 202, 217, 461 (10)
145, 162, 202, 310, 461 (13)
145, 162, 217, 310, 461 (12)
145, 183, 207, 315, 422 (11)
145, 197, 205, 239, 419 (12)
145, 197, 205, 239, 475 (12)
145, 197, 205, 419, 475 (12)
145, 197, 239, 419, 475 (12)
145, 202, 217, 310, 461 (10)
145, 205, 239, 419, 475 (14)
145, 210, 361, 367, 373 (12)
145, 210, 361, 367, 494 (12)
145, 210, 361, 373, 494 (12)
145, 210, 367, 373, 494 (12)
145, 227, 229, 239, 486 (12)
145, 318, 368, 412, 427 (12)
145, 318, 368, 412, 460 (13)
145, 318, 368, 412, 474 (12)
145, 318, 368, 427, 460 (13)
145, 318, 368, 427, 474 (13)
145, 318, 368, 460, 474 (13)
145, 318, 412, 427, 460 (12)
145, 318, 412, 427, 474 (12)
145, 318, 412, 460, 474 (12)
145, 318, 427, 460, 474 (13)
145, 322, 346, 365, 408 (16)
145, 322, 346, 365, 474 (15)
145, 322, 346, 408, 474 (14)
145, 322, 365, 408, 474 (15)
145, 346, 365, 408, 474 (14)
145, 361, 367, 373, 494 (13)
145, 368, 412, 427, 460 (13)
145, 368, 412, 427, 474 (13)
145, 368, 412, 460, 474 (13)
145, 368, 427, 460, 474 (14)
145, 412, 427, 460, 474 (13)
146, 234, 368, 390, 469 (13)
151, 203, 227, 299, 326 (10)
152, 161, 285, 469, 494 (10)
154, 274, 275, 470, 480 (15)
154, 343, 360, 405, 419 (14)
155, 196, 205, 207, 290 (24)
156, 165, 263, 277, 427 (16)
156, 266, 276, 356, 390 (11)
158, 226, 275, 419, 440 (15)
158, 279, 283, 295, 422 (19)
160, 350, 419, 438, 490 (11)
161, 234, 350, 421, 459 (10)
161, 236, 285, 469, 494 (10)
161, 242, 280, 368, 421 (11)
161, 242, 280, 368, 427 (11)
161, 242, 280, 421, 427 (13)
161, 242, 368, 421, 427 (12)
161, 280, 368, 421, 427 (12)
162, 202, 217, 310, 461 (11)
162, 227, 242, 305, 470 (11)
163, 217, 266, 465, 478 (15)
163, 217, 266, 465, 489 (15)
163, 217, 266, 478, 489 (15)
163, 217, 465, 478, 489 (15)
163, 266, 465, 478, 489 (16)
170, 239, 390, 400, 438 (12)
171, 214, 294, 350, 466 (13)
171, 235, 411, 419, 422 (12)
172, 183, 274, 440, 467 (10)
172, 352, 368, 459, 477 (13)
172, 352, 368, 459, 492 (12)
172, 352, 368, 477, 492 (12)
172, 352, 459, 477, 492 (13)
172, 368, 459, 477, 492 (12)
175, 204, 205, 364, 373 (11)
175, 204, 205, 364, 438 (10)
175, 204, 205, 373, 438 (10)
175, 204, 364, 373, 438 (10)
175, 205, 364, 373, 438 (11)
175, 279, 381, 414, 427 (14)
175, 279, 381, 414, 428 (14)
175, 279, 381, 427, 428 (14)
175, 279, 414, 427, 428 (15)
175, 309, 377, 461, 494 (10)
175, 381, 414, 427, 428 (14)
176, 218, 283, 466, 499 (14)
177, 187, 195, 362, 415 (11)
177, 187, 195, 362, 456 (11)
177, 187, 195, 415, 456 (11)
177, 187, 362, 415, 456 (11)
177, 195, 362, 415, 456 (11)
177, 265, 307, 334, 496 (16)
177, 306, 356, 395, 436 (10)
180, 230, 239, 285, 299 (11)
180, 230, 239, 285, 354 (11)
180, 230, 239, 299, 354 (11)
180, 230, 285, 299, 354 (11)
180, 239, 285, 299, 354 (13)
181, 209, 276, 393, 424 (11)
183, 236, 280, 308, 368 (13)
183, 319, 339, 357, 377 (12)
183, 319, 339, 357, 387 (12)
183, 319, 339, 357, 460 (11)
183, 319, 339, 377, 387 (12)
183, 319, 339, 377, 460 (11)
183, 319, 339, 387, 460 (11)
183, 319, 357, 377, 387 (13)
183, 319, 357, 377, 460 (12)
183, 319, 357, 387, 460 (12)
183, 319, 377, 387, 460 (12)
183, 339, 357, 377, 387 (12)
183, 339, 357, 377, 460 (11)
183, 339, 357, 387, 460 (11)
183, 339, 377, 387, 460 (12)
183, 357, 377, 387, 460 (12)
187, 195, 362, 415, 456 (11)
187, 196, 217, 306, 333 (16)
187, 196, 217, 306, 359 (16)
187, 196, 217, 306, 413 (17)
187, 196, 217, 306, 424 (17)
187, 196, 217, 306, 443 (16)
187, 196, 217, 306, 471 (16)
187, 196, 217, 333, 359 (16)
187, 196, 217, 333, 413 (17)
187, 196, 217, 333, 424 (17)
187, 196, 217, 333, 443 (16)
187, 196, 217, 333, 471 (16)
187, 196, 217, 359, 413 (17)
187, 196, 217, 359, 424 (17)
187, 196, 217, 359, 443 (17)
187, 196, 217, 359, 471 (16)
187, 196, 217, 413, 424 (18)
187, 196, 217, 413, 443 (17)
187, 196, 217, 413, 471 (17)
187, 196, 217, 424, 443 (17)
187, 196, 217, 424, 471 (17)
187, 196, 217, 443, 471 (16)
187, 196, 306, 333, 359 (16)
187, 196, 306, 333, 413 (17)
187, 196, 306, 333, 424 (17)
187, 196, 306, 333, 443 (16)
187, 196, 306, 333, 471 (16)
187, 196, 306, 359, 413 (17)
187, 196, 306, 359, 424 (17)
187, 196, 306, 359, 443 (17)
187, 196, 306, 359, 471 (16)
187, 196, 306, 413, 424 (18)
187, 196, 306, 413, 443 (17)
187, 196, 306, 413, 471 (17)
187, 196, 306, 424, 443 (17)
187, 196, 306, 424, 471 (17)
187, 196, 306, 443, 471 (16)
187, 196, 333, 359, 413 (17)
187, 196, 333, 359, 424 (17)
187, 196, 333, 359, 443 (17)
187, 196, 333, 359, 471 (16)
187, 196, 333, 413, 424 (18)
187, 196, 333, 413, 443 (17)
187, 196, 333, 413, 471 (17)
187, 196, 333, 424, 443 (17)
187, 196, 333, 424, 471 (17)
187, 196, 333, 443, 471 (16)
187, 196, 359, 413, 424 (18)
187, 196, 359, 413, 443 (18)
187, 196, 359, 413, 471 (17)
187, 196, 359, 424, 443 (18)
187, 196, 359, 424, 471 (17)
187, 196, 359, 443, 471 (17)
187, 196, 413, 424, 443 (18)
187, 196, 413, 424, 471 (18)
187, 196, 413, 443, 471 (17)
187, 196, 424, 443, 471 (17)
187, 217, 306, 333, 359 (15)
187, 217, 306, 333, 413 (16)
187, 217, 306, 333, 424 (16)
187, 217, 306, 333, 443 (15)
187, 217, 306, 333, 471 (15)
187, 217, 306, 359, 413 (16)
187, 217, 306, 359, 424 (16)
187, 217, 306, 359, 443 (16)
187, 217, 306, 359, 471 (15)
187, 217, 306, 413, 424 (17)
187, 217, 306, 413, 443 (16)
187, 217, 306, 413, 471 (16)
187, 217, 306, 424, 443 (16)
187, 217, 306, 424, 471 (16)
187, 217, 306, 443, 471 (15)
187, 217, 333, 359, 413 (17)
187, 217, 333, 359, 424 (17)
187, 217, 333, 359, 443 (17)
187, 217, 333, 359, 471 (16)
187, 217, 333, 413, 424 (18)
187, 217, 333, 413, 443 (17)
187, 217, 333, 413, 471 (17)
187, 217, 333, 424, 443 (17)
187, 217, 333, 424, 471 (17)
187, 217, 333, 443, 471 (16)
187, 217, 359, 413, 424 (18)
187, 217, 359, 413, 443 (18)
187, 217, 359, 413, 471 (17)
187, 217, 359, 424, 443 (18)
187, 217, 359, 424, 471 (17)
187, 217, 359, 443, 471 (17)
187, 217, 413, 424, 443 (18)
187, 217, 413, 424, 471 (18)
187, 217, 413, 443, 471 (17)
187, 217, 424, 443, 471 (17)
187, 306, 333, 359, 413 (16)
187, 306, 333, 359, 424 (16)
187, 306, 333, 359, 443 (16)
187, 306, 333, 359, 471 (15)
187, 306, 333, 413, 424 (17)
187, 306, 333, 413, 443 (16)
187, 306, 333, 413, 471 (16)
187, 306, 333, 424, 443 (16)
187, 306, 333, 424, 471 (16)
187, 306, 333, 443, 471 (15)
187, 306, 359, 413, 424 (17)
187, 306, 359, 413, 443 (17)
187, 306, 359, 413, 471 (16)
187, 306, 359, 424, 443 (17)
187, 306, 359, 424, 471 (16)
187, 306, 359, 443, 471 (16)
187, 306, 413, 424, 443 (17)
187, 306, 413, 424, 471 (17)
187, 306, 413, 443, 471 (16)
187, 306, 424, 443, 471 (16)
187, 333, 359, 413, 424 (18)
187, 333, 359, 413, 443 (18)
187, 333, 359, 413, 471 (17)
187, 333, 359, 424, 443 (18)
187, 333, 359, 424, 471 (17)
187, 333, 359, 443, 471 (17)
187, 333, 413, 424, 443 (18)
187, 333, 413, 424, 471 (18)
187, 333, 413, 443, 471 (17)
187, 333, 424, 443, 471 (17)
187, 359, 413, 424, 443 (19)
187, 359, 413, 424, 471 (18)
187, 359, 413, 443, 471 (18)
187, 359, 424, 443, 471 (18)
187, 413, 424, 443, 471 (18)
190, 202, 229, 239, 477 (10)
190, 322, 367, 414, 486 (11)
190, 322, 367, 414, 490 (11)
190, 322, 367, 486, 490 (11)
190, 322, 414, 486, 490 (11)
190, 367, 414, 486, 490 (11)
196, 217, 306, 333, 359 (16)
196, 217, 306, 333, 413 (17)
196, 217, 306, 333, 424 (17)
196, 217, 306, 333, 443 (16)
196, 217, 306, 333, 471 (16)
196, 217, 306, 359, 413 (17)
196, 217, 306, 359, 424 (17)
196, 217, 306, 359, 443 (17)
196, 217, 306, 359, 471 (16)
196, 217, 306, 413, 424 (18)
196, 217, 306, 413, 443 (17)
196, 217, 306, 413, 471 (17)
196, 217, 306, 424, 443 (17)
196, 217, 306, 424, 471 (17)
196, 217, 306, 443, 471 (16)
196, 217, 333, 359, 413 (17)
196, 217, 333, 359, 424 (17)
196, 217, 333, 359, 443 (17)
196, 217, 333, 359, 471 (16)
196, 217, 333, 413, 424 (18)
196, 217, 333, 413, 443 (17)
196, 217, 333, 413, 471 (17)
196, 217, 333, 424, 443 (17)
196, 217, 333, 424, 471 (17)
196, 217, 333, 443, 471 (16)
196, 217, 359, 413, 424 (18)
196, 217, 359, 413, 443 (18)
196, 217, 359, 413, 471 (17)
196, 217, 359, 424, 443 (18)
196, 217, 359, 424, 471 (17)
196, 217, 359, 443, 471 (17)
196, 217, 413, 424, 443 (18)
196, 217, 413, 424, 471 (18)
196, 217, 413, 443, 471 (17)
196, 217, 424, 443, 471 (17)
196, 249, 285, 289, 362 (15)
196, 249, 285, 289, 443 (15)
196, 249, 285, 289, 470 (15)
196, 249, 285, 362, 443 (15)
196, 249, 285, 362, 470 (15)
196, 249, 285, 443, 470 (15)
196, 249, 289, 362, 443 (16)
196, 249, 289, 362, 470 (16)
196, 249, 289, 443, 470 (16)
196, 249, 362, 443, 470 (16)
196, 285, 289, 362, 443 (17)
196, 285, 289, 362, 470 (17)
196, 285, 289, 443, 470 (17)
196, 285, 362, 443, 470 (17)
196, 289, 362, 443, 470 (18)
196, 306, 333, 359, 413 (17)
196, 306, 333, 359, 424 (17)
196, 306, 333, 359, 443 (17)
196, 306, 333, 359, 471 (16)
196, 306, 333, 413, 424 (18)
196, 306, 333, 413, 443 (17)
196, 306, 333, 413, 471 (17)
196, 306, 333, 424, 443 (17)
196, 306, 333, 424, 471 (17)
196, 306, 333, 443, 471 (16)
196, 306, 359, 413, 424 (18)
196, 306, 359, 413, 443 (18)
196, 306, 359, 413, 471 (17)
196, 306, 359, 424, 443 (18)
196, 306, 359, 424, 471 (17)
196, 306, 359, 443, 471 (17)
196, 306, 413, 424, 443 (18)
196, 306, 413, 424, 471 (18)
196, 306, 413, 443, 471 (17)
196, 306, 424, 443, 471 (17)
196, 333, 359, 413, 424 (18)
196, 333, 359, 413, 443 (18)
196, 333, 359, 413, 471 (17)
196, 333, 359, 424, 443 (18)
196, 333, 359, 424, 471 (17)
196, 333, 359, 443, 471 (17)
196, 333, 413, 424, 443 (18)
196, 333, 413, 424, 471 (18)
196, 333, 413, 443, 471 (17)
196, 333, 424, 443, 471 (17)
196, 359, 413, 424, 443 (19)
196, 359, 413, 424, 471 (18)
196, 359, 413, 443, 471 (18)
196, 359, 424, 443, 471 (18)
196, 413, 424, 443, 471 (18)
197, 205, 239, 419, 475 (13)
198, 209, 348, 443, 477 (10)
201, 332, 350, 362, 381 (13)
201, 332, 350, 362, 477 (13)
201, 332, 350, 381, 477 (13)
201, 332, 362, 381, 477 (13)
201, 350, 362, 381, 477 (13)
202, 229, 349, 361, 460 (11)
202, 229, 349, 361, 490 (10)
202, 229, 349, 460, 490 (11)
202, 229, 361, 460, 490 (10)
202, 349, 361, 460, 490 (11)
204, 205, 364, 373, 438 (10)
204, 222, 236, 239, 416 (13)
204, 227, 279, 350, 413 (11)
205, 266, 326, 411, 480 (14)
205, 300, 377, 394, 438 (15)
205, 300, 377, 394, 480 (14)
205, 300, 377, 438, 480 (15)
205, 300, 394, 438, 480 (14)
205, 377, 394, 438, 480 (14)
210, 361, 367, 373, 494 (13)
214, 243, 405, 438, 491 (10)
216, 217, 241, 286, 290 (11)
216, 217, 249, 286, 290 (10)
216, 286, 338, 354, 402 (16)
216, 286, 338, 354, 414 (16)
216, 286, 338, 354, 442 (16)
216, 286, 338, 354, 470 (15)
216, 286, 338, 402, 414 (16)
216, 286, 338, 402, 442 (16)
216, 286, 338, 402, 470 (15)
216, 286, 338, 414, 442 (16)
216, 286, 338, 414, 470 (15)
216, 286, 338, 442, 470 (15)
216, 286, 354, 402, 414 (16)
216, 286, 354, 402, 442 (16)
216, 286, 354, 402, 470 (15)
216, 286, 354, 414, 442 (16)
216, 286, 354, 414, 470 (15)
216, 286, 354, 442, 470 (15)
216, 286, 402, 414, 442 (16)
216, 286, 402, 414, 470 (15)
216, 286, 402, 442, 470 (15)
216, 286, 414, 442, 470 (15)
216, 338, 354, 402, 414 (16)
216, 338, 354, 402, 442 (16)
216, 338, 354, 402, 470 (15)
216, 338, 354, 414, 442 (16)
216, 338, 354, 414, 470 (15)
216, 338, 354, 442, 470 (15)
216, 338, 402, 414, 442 (16)
216, 338, 402, 414, 470 (15)
216, 338, 402, 442, 470 (15)
216, 338, 414, 442, 470 (15)
216, 354, 402, 414, 442 (16)
216, 354, 402, 414, 470 (15)
216, 354, 402, 442, 470 (15)
216, 354, 414, 442, 470 (15)
216, 402, 414, 442, 470 (15)
217, 266, 465, 478, 489 (16)
217, 306, 333, 359, 413 (17)
217, 306, 333, 359, 424 (17)
217, 306, 333, 359, 443 (17)
217, 306, 333, 359, 471 (16)
217, 306, 333, 413, 424 (18)
217, 306, 333, 413, 443 (17)
217, 306, 333, 413, 471 (17)
217, 306, 333, 424, 443 (17)
217, 306, 333, 424, 471 (17)
217, 306, 333, 443, 471 (16)
217, 306, 359, 413, 424 (18)
217, 306, 359, 413, 443 (18)
217, 306, 359, 413, 471 (17)
217, 306, 359, 424, 443 (18)
217, 306, 359, 424, 471 (17)
217, 306, 359, 443, 471 (17)
217, 306, 413, 424, 443 (18)
217, 306, 413, 424, 471 (18)
217, 306, 413, 443, 471 (17)
217, 306, 424, 443, 471 (17)
217, 333, 359, 413, 424 (19)
217, 333, 359, 413, 443 (19)
217, 333, 359, 413, 471 (18)
217, 333, 359, 424, 443 (19)
217, 333, 359, 424, 471 (18)
217, 333, 359, 443, 471 (18)
217, 333, 413, 424, 443 (19)
217, 333, 413, 424, 471 (19)
217, 333, 413, 443, 471 (18)
217, 333, 424, 443, 471 (18)
217, 359, 413, 424, 443 (20)
217, 359, 413, 424, 471 (19)
217, 359, 413, 443, 471 (19)
217, 359, 424, 443, 471 (19)
217, 413, 424, 443, 471 (19)
226, 276, 300, 335, 449 (10)
227, 310, 368, 489, 494 (16)
229, 242, 354, 443, 494 (11)
229, 349, 361, 460, 490 (12)
230, 239, 285, 299, 354 (12)
242, 280, 368, 421, 427 (12)
249, 285, 289, 362, 443 (15)
249, 285, 289, 362, 470 (15)
249, 285, 289, 443, 470 (15)
249, 285, 362, 443, 470 (15)
249, 289, 362, 443, 470 (16)
262, 364, 388, 422, 450 (10)
262, 364, 388, 422, 478 (10)
262, 364, 388, 450, 478 (10)
262, 364, 422, 450, 478 (10)
262, 388, 422, 450, 478 (10)
266, 290, 351, 385, 487 (11)
276, 343, 381, 423, 480 (16)
279, 381, 414, 427, 428 (15)
285, 289, 362, 443, 470 (17)
286, 308, 319, 400, 467 (10)
286, 338, 354, 402, 414 (16)
286, 338, 354, 402, 442 (16)
286, 338, 354, 402, 470 (15)
286, 338, 354, 414, 442 (16)
286, 338, 354, 414, 470 (15)
286, 338, 354, 442, 470 (15)
286, 338, 402, 414, 442 (16)
286, 338, 402, 414, 470 (15)
286, 338, 402, 442, 470 (15)
286, 338, 414, 442, 470 (15)
286, 354, 402, 414, 442 (16)
286, 354, 402, 414, 470 (15)
286, 354, 402, 442, 470 (15)
286, 354, 414, 442, 470 (15)
286, 402, 414, 442, 470 (15)
300, 377, 394, 438, 480 (14)
306, 333, 359, 413, 424 (18)
306, 333, 359, 413, 443 (18)
306, 333, 359, 413, 471 (17)
306, 333, 359, 424, 443 (18)
306, 333, 359, 424, 471 (17)
306, 333, 359, 443, 471 (17)
306, 333, 413, 424, 443 (18)
306, 333, 413, 424, 471 (18)
306, 333, 413, 443, 471 (17)
306, 333, 424, 443, 471 (17)
306, 359, 413, 424, 443 (19)
306, 359, 413, 424, 471 (18)
306, 359, 413, 443, 471 (18)
306, 359, 424, 443, 471 (18)
306, 413, 424, 443, 471 (18)
309, 314, 354, 377, 381 (10)
309, 314, 354, 377, 390 (10)
309, 314, 354, 377, 448 (10)
309, 314, 354, 381, 390 (12)
309, 314, 354, 381, 448 (12)
309, 314, 354, 390, 448 (12)
309, 314, 377, 381, 390 (10)
309, 314, 377, 381, 448 (10)
309, 314, 377, 390, 448 (10)
309, 314, 381, 390, 448 (12)
309, 354, 377, 381, 390 (10)
309, 354, 377, 381, 448 (10)
309, 354, 377, 390, 448 (10)
309, 354, 381, 390, 448 (12)
309, 377, 381, 390, 448 (10)
314, 354, 377, 381, 390 (10)
314, 354, 377, 381, 448 (10)
314, 354, 377, 390, 448 (10)
314, 354, 381, 390, 448 (12)
314, 377, 381, 390, 448 (10)
316, 348, 355, 368, 373 (11)
316, 348, 355, 368, 396 (11)
316, 348, 355, 373, 396 (11)
316, 348, 368, 373, 396 (11)
316, 355, 368, 373, 396 (11)
318, 368, 412, 427, 460 (12)
318, 368, 412, 427, 474 (13)
318, 368, 412, 460, 474 (12)
318, 368, 427, 460, 474 (13)
318, 412, 427, 460, 474 (12)
319, 339, 357, 377, 387 (12)
319, 339, 357, 377, 460 (11)
319, 339, 357, 387, 460 (11)
319, 339, 377, 387, 460 (11)
319, 357, 377, 387, 460 (12)
322, 346, 365, 408, 474 (14)
322, 367, 414, 486, 490 (11)
332, 350, 362, 381, 477 (13)
333, 359, 413, 424, 443 (20)
333, 359, 413, 424, 471 (19)
333, 359, 413, 443, 471 (19)
333, 359, 424, 443, 471 (19)
333, 413, 424, 443, 471 (19)
338, 354, 402, 414, 442 (16)
338, 354, 402, 414, 470 (15)
338, 354, 402, 442, 470 (15)
338, 354, 414, 442, 470 (15)
338, 402, 414, 442, 470 (15)
339, 357, 377, 387, 460 (11)
348, 355, 368, 373, 396 (11)
352, 368, 459, 477, 492 (12)
354, 377, 381, 390, 448 (10)
354, 402, 414, 442, 470 (15)
359, 413, 424, 443, 471 (20)
364, 388, 422, 450, 478 (10)
368, 412, 427, 460, 474 (13)
378, 401, 438, 460, 477 (12)
