0, 27, 89, 129, 475, 498 (13)
0, 65, 71, 110, 307, 328 (14)
0, 65, 71, 110, 307, 338 (14)
0, 65, 71, 110, 307, 401 (14)
0, 65, 71, 110, 328, 338 (14)
0, 65, 71, 110, 328, 401 (14)
0, 65, 71, 110, 338, 401 (14)
0, 65, 71, 307, 328, 338 (14)
0, 65, 71, 307, 328, 401 (14)
0, 65, 71, 307, 338, 401 (14)
0, 65, 71, 328, 338, 401 (14)
0, 65, 110, 307, 328, 338 (14)
0, 65, 110, 307, 328, 401 (14)
0, 65, 110, 307, 338, 401 (14)
0, 65, 110, 328, 338, 401 (14)
0, 65, 307, 328, 338, 401 (14)
0, 71, 110, 307, 328, 338 (14)
0, 71, 110, 307, 328, 401 (14)
0, 71, 110, 307, 338, 401 (14)
0, 71, 110, 328, 338, 401 (14)
0, 71, 307, 328, 338, 401 (14)
0, 110, 307, 328, 338, 401 (14)
1, 3, 180, 183, 189, 368 (13)
1, 27, 38, 145, 332, 415 (10)
1, 27, 38, 145, 332, 422 (11)
1, 27, 38, 145, 332, 449 (10)
1, 27, 38, 145, 415, 422 (11)
1, 27, 38, 145, 415, 449 (10)
1, 27, 38, 145, 422, 449 (11)
1, 27, 38, 332, 415, 422 (11)
1, 27, 38, 332, 415, 449 (10)
1, 27, 38, 332, 422, 449 (11)
1, 27, 38, 415, 422, 449 (11)
1, 27, 145, 332, 415, 422 (11)
1, 27, 145, 332, 422, 449 (10)
1, 27, 145, 415, 422, 449 (10)
1, 27, 332, 415, 422, 449 (10)
1, 38, 145, 332, 415, 422 (10)
1, 38, 145, 332, 422, 449 (10)
1, 38, 145, 415, 422, 449 (10)
1, 38, 332, 415, 422, 449 (10)
1, 110, 118, 204, 207, 222 (10)
1, 110, 118, 204, 207, 474 (10)
1, 110, 118, 204, 222, 474 (10)
1, 110, 118, 207, 222, 474 (10)
1, 110, 204, 207, 222, 474 (10)
1, 118, 204, 207, 222, 474 (10)
1, 127, 175, 279, 381, 414 (14)
1, 127, 175, 279, 381, 427 (14)
1, 127, 175, 279, 381, 428 (14)
1, 127, 175, 279, 414, 427 (15)
1, 127, 175, 279, 414, 428 (15)
1, 127, 175, 279, 427, 428 (15)
1, 127, 175, 381, 414, 427 (14)
1, 127, 175, 381, 414, 428 (14)
1, 127, 175, 381, 427, 428 (14)
1, 127, 175, 414, 427, 428 (15)
1, 127, 279, 381, 414, 427 (15)
1, 127, 279, 381, 414, 428 (15)
1, 127, 279, 381, 427, 428 (15)
1, 127, 279, 414, 427, 428 (16)
1, 127, 381, 414, 427, 428 (15)
1, 175, 279, 381, 414, 427 (14)
1, 175, 279, 381, 414, 428 (14)
1, 175, 279, 381, 427, 428 (14)
1, 175, 279, 414, 427, 428 (15)
1, 175, 381, 414, 427, 428 (14)
1, 279, 381, 414, 427, 428 (15)
3, 34, 276, 343, 381, 423 (12)
3, 34, 276, 343, 381, 480 (11)
3, 34, 276, 343, 423, 480 (10)
3, 34, 276, 381, 423, 480 (10)
3, 34, 343, 381, 423, 480 (11)
3, 123, 234, 305, 322, 387 (12)
3, 276, 343, 381, 423, 480 (16)
6, 140, 145, 197, 205, 239 (10)
6, 140, 145, 197, 205, 419 (10)
6, 140, 145, 197, 205, 475 (10)
6, 140, 145, 197, 239, 419 (10)
6, 140, 145, 197, 239, 475 (10)
6, 140, 145, 197, 419, 475 (10)
6, 140, 145, 205, 239, 419 (12)
6, 140, 145, 205, 239, 475 (12)
6, 140, 145, 205, 419, 475 (12)
6, 140, 145, 239, 419, 475 (12)
6, 140, 197, 205, 239, 419 (11)
6, 140, 197, 205, 239, 475 (11)
6, 140, 197, 205, 419, 475 (11)
6, 140, 197, 239, 419, 475 (11)
6, 140, 205, 239, 419, 475 (13)
6, 145, 197, 205, 239, 419 (11)
6, 145, 197, 205, 239, 475 (11)
6, 145, 197, 205, 419, 475 (11)
6, 145, 197, 239, 419, 475 (11)
6, 145, 205, 239, 419, 475 (13)
6, 197, 205, 239, 419, 475 (12)
7, 172, 183, 274, 440, 467 (10)
8, 39, 108, 263, 306, 345 (12)
8, 39, 108, 263, 306, 498 (13)
8, 39, 108, 263, 345, 498 (12)
8, 39, 108, 306, 345, 498 (12)
8, 39, 263, 306, 345, 498 (12)
8, 43, 192, 266, 290, 320 (13)
8, 63, 201, 332, 350, 362 (11)
8, 63, 201, 332, 350, 381 (12)
8, 63, 201, 332, 350, 477 (11)
8, 63, 201, 332, 362, 381 (11)
8, 63, 201, 332, 362, 477 (11)
8, 63, 201, 332, 381, 477 (11)
8, 63, 201, 350, 362, 381 (11)
8, 63, 201, 350, 362, 477 (11)
8, 63, 201, 350, 381, 477 (11)
8, 63, 201, 362, 381, 477 (11)
8, 63, 332, 350, 362, 381 (11)
8, 63, 332, 350, 362, 477 (11)
8, 63, 332, 350, 381, 477 (11)
8, 63, 332, 362, 381, 477 (11)
8, 63, 350, 362, 381, 477 (11)
8, 108, 263, 306, 345, 498 (12)
8, 201, 332, 350, 362, 381 (11)
8, 201, 332, 350, 362, 477 (11)
8, 201, 332, 350, 381, 477 (11)
8, 201, 332, 362, 381, 477 (11)
8, 201, 350, 362, 381, 477 (11)
8, 332, 350, 362, 381, 477 (11)
9, 105, 128, 217, 258, 461 (11)
12, 46, 103, 208, 397, 459 (11)
12, 69, 100, 120, 335, 387 (10)
12, 69, 100, 120, 335, 467 (10)
12, 69, 100, 120, 387, 467 (10)
12, 69, 100, 335, 387, 467 (10)
12, 69, 120, 335, 387, 467 (11)
12, 71, 72, 123, 360, 362 (10)
12, 71, 72, 123, 360, 400 (10)
12, 71, 72, 123, 362, 400 (10)
12, 71, 72, 360, 362, 400 (10)
12, 71, 123, 360, 362, 400 (10)
12, 72, 123, 360, 362, 400 (10)
12, 100, 120, 335, 387, 467 (10)
12, 115, 177, 265, 307, 334 (16)
12, 115, 177, 265, 307, 496 (15)
12, 115, 177, 265, 334, 496 (15)
12, 115, 177, 307, 334, 496 (16)
12, 115, 265, 307, 334, 496 (16)
12, 122, 145, 274, 319, 456 (10)
12, 177, 265, 307, 334, 496 (16)
12, 227, 310, 368, 489, 494 (15)
16, 43, 53, 88, 322, 346 (10)
16, 43, 53, 151, 322, 346 (10)
16, 53, 88, 151, 322, 346 (10)
18, 53, 124, 205, 266, 326 (14)
18, 53, 124, 205, 266, 411 (14)
18, 53, 124, 205, 266, 480 (14)
18, 53, 124, 205, 326, 411 (14)
18, 53, 124, 205, 326, 480 (14)
18, 53, 124, 205, 411, 480 (15)
18, 53, 124, 266, 326, 411 (14)
18, 53, 124, 266, 326, 480 (14)
18, 53, 124, 266, 411, 480 (14)
18, 53, 124, 326, 411, 480 (14)
18, 53, 205, 266, 326, 411 (14)
18, 53, 205, 266, 326, 480 (14)
18, 53, 205, 266, 411, 480 (14)
18, 53, 205, 326, 411, 480 (14)
18, 53, 266, 326, 411, 480 (14)
18, 124, 205, 266, 326, 411 (14)
18, 124, 205, 266, 326, 480 (14)
18, 124, 205, 266, 411, 480 (14)
18, 124, 205, 326, 411, 480 (14)
18, 124, 266, 326, 411, 480 (14)
18, 205, 266, 326, 411, 480 (14)
20, 26, 70, 71, 345, 392 (10)
21, 53, 97, 145, 349, 477 (10)
25, 39, 43, 283, 378, 424 (10)
25, 69, 111, 229, 242, 354 (12)
25, 69, 111, 229, 242, 443 (12)
25, 69, 111, 229, 242, 494 (11)
25, 69, 111, 229, 354, 443 (12)
25, 69, 111, 229, 354, 494 (11)
25, 69, 111, 229, 443, 494 (11)
25, 69, 111, 242, 354, 443 (12)
25, 69, 111, 242, 354, 494 (11)
25, 69, 111, 242, 443, 494 (11)
25, 69, 111, 354, 443, 494 (13)
25, 69, 229, 242, 354, 443 (12)
25, 69, 229, 242, 354, 494 (11)
25, 69, 229, 242, 443, 494 (11)
25, 69, 229, 354, 443, 494 (11)
25, 69, 242, 354, 443, 494 (11)
25, 111, 229, 242, 354, 443 (12)
25, 111, 229, 242, 354, 494 (11)
25, 111, 229, 242, 443, 494 (11)
25, 111, 229, 354, 443, 494 (11)
25, 111, 242, 354, 443, 494 (11)
25, 229, 242, 354, 443, 494 (11)
25, 378, 401, 438, 460, 477 (11)
27, 38, 145, 332, 415, 422 (10)
27, 38, 145, 332, 422, 449 (10)
27, 38, 145, 415, 422, 449 (10)
27, 38, 332, 415, 422, 449 (10)
27, 43, 61, 93, 108, 185 (18)
27, 43, 61, 93, 108, 354 (18)
27, 43, 61, 93, 108, 420 (18)
27, 43, 61, 93, 108, 489 (19)
27, 43, 61, 93, 185, 354 (18)
27, 43, 61, 93, 185, 420 (18)
27, 43, 61, 93, 185, 489 (19)
27, 43, 61, 93, 354, 420 (18)
27, 43, 61, 93, 354, 489 (19)
27, 43, 61, 93, 420, 489 (19)
27, 43, 61, 108, 185, 354 (17)
27, 43, 61, 108, 185, 420 (17)
27, 43, 61, 108, 185, 489 (18)
27, 43, 61, 108, 354, 420 (17)
27, 43, 61, 108, 354, 489 (18)
27, 43, 61, 108, 420, 489 (18)
27, 43, 61, 185, 354, 420 (17)
27, 43, 61, 185, 354, 489 (18)
27, 43, 61, 185, 420, 489 (18)
27, 43, 61, 354, 420, 489 (18)
27, 43, 93, 108, 185, 354 (17)
27, 43, 93, 108, 185, 420 (17)
27, 43, 93, 108, 185, 489 (18)
27, 43, 93, 108, 354, 420 (17)
27, 43, 93, 108, 354, 489 (18)
27, 43, 93, 108, 420, 489 (18)
27, 43, 93, 185, 354, 420 (17)
27, 43, 93, 185, 354, 489 (18)
27, 43, 93, 185, 420, 489 (18)
27, 43, 93, 354, 420, 489 (18)
27, 43, 108, 185, 354, 420 (16)
27, 43, 108, 185, 354, 489 (17)
27, 43, 108, 185, 420, 489 (17)
27, 43, 108, 354, 420, 489 (17)
27, 43, 185, 354, 420, 489 (17)
27, 61, 93, 108, 185, 354 (17)
27, 61, 93, 108, 185, 420 (17)
27, 61, 93, 108, 185, 489 (18)
27, 61, 93, 108, 354, 420 (17)
27, 61, 93, 108, 354, 489 (18)
27, 61, 93, 108, 420, 489 (18)
27, 61, 93, 185, 354, 420 (17)
27, 61, 93, 185, 354, 489 (18)
27, 61, 93, 185, 420, 489 (18)
27, 61, 93, 354, 420, 489 (18)
27, 61, 108, 185, 354, 420 (16)
27, 61, 108, 185, 354, 489 (17)
27, 61, 108, 185, 420, 489 (17)
27, 61, 108, 354, 420, 489 (17)
27, 61, 185, 354, 420, 489 (17)
27, 93, 108, 185, 354, 420 (16)
27, 93, 108, 185, 354, 489 (17)
27, 93, 108, 185, 420, 489 (17)
27, 93, 108, 354, 420, 489 (17)
27, 93, 185, 354, 420, 489 (17)
27, 108, 185, 354, 420, 489 (16)
32, 214, 243, 405, 438, 491 (10)
33, 90, 175, 204, 205, 364 (12)
33, 90, 175, 204, 205, 373 (11)
33, 90, 175, 204, 205, 438 (10)
33, 90, 175, 204, 364, 373 (11)
33, 90, 175, 204, 364, 438 (10)
33, 90, 175, 204, 373, 438 (10)
33, 90, 175, 205, 364, 373 (12)
33, 90, 175, 205, 364, 438 (11)
33, 90, 175, 205, 373, 438 (11)
33, 90, 175, 364, 373, 438 (11)
33, 90, 204, 205, 364, 373 (11)
33, 90, 204, 205, 364, 438 (10)
33, 90, 204, 205, 373, 438 (10)
33, 90, 204, 364, 373, 438 (10)
33, 90, 205, 364, 373, 438 (11)
33, 175, 204, 205, 364, 373 (11)
33, 175, 204, 205, 364, 438 (10)
33, 175, 204, 205, 373, 438 (10)
33, 175, 204, 364, 373, 438 (10)
33, 175, 205, 364, 373, 438 (11)
33, 204, 205, 364, 373, 438 (10)
34, 276, 343, 381, 423, 480 (10)
36, 45, 88, 259, 266, 285 (10)
36, 45, 88, 259, 266, 316 (10)
36, 61, 70, 71, 205, 300 (16)
36, 61, 70, 71, 205, 377 (16)
36, 61, 70, 71, 205, 394 (15)
36, 61, 70, 71, 205, 438 (16)
36, 61, 70, 71, 205, 480 (15)
36, 61, 70, 71, 300, 377 (16)
36, 61, 70, 71, 300, 394 (15)
36, 61, 70, 71, 300, 438 (16)
36, 61, 70, 71, 300, 480 (15)
36, 61, 70, 71, 377, 394 (15)
36, 61, 70, 71, 377, 438 (16)
36, 61, 70, 71, 377, 480 (15)
36, 61, 70, 71, 394, 438 (15)
36, 61, 70, 71, 394, 480 (14)
36, 61, 70, 71, 438, 480 (15)
36, 61, 70, 205, 300, 377 (16)
36, 61, 70, 205, 300, 394 (15)
36, 61, 70, 205, 300, 438 (16)
36, 61, 70, 205, 300, 480 (15)
36, 61, 70, 205, 377, 394 (15)
36, 61, 70, 205, 377, 438 (16)
36, 61, 70, 205, 377, 480 (15)
36, 61, 70, 205, 394, 438 (15)
36, 61, 70, 205, 394, 480 (14)
36, 61, 70, 205, 438, 480 (15)
36, 61, 70, 300, 377, 394 (15)
36, 61, 70, 300, 377, 438 (16)
36, 61, 70, 300, 377, 480 (15)
36, 61, 70, 300, 394, 438 (15)
36, 61, 70, 300, 394, 480 (14)
36, 61, 70, 300, 438, 480 (15)
36, 61, 70, 377, 394, 438 (15)
36, 61, 70, 377, 394, 480 (14)
36, 61, 70, 377, 438, 480 (15)
36, 61, 70, 394, 438, 480 (14)
36, 61, 71, 205, 300, 377 (16)
36, 61, 71, 205, 300, 394 (15)
36, 61, 71, 205, 300, 438 (16)
36, 61, 71, 205, 300, 480 (15)
36, 61, 71, 205, 377, 394 (15)
36, 61, 71, 205, 377, 438 (16)
36, 61, 71, 205, 377, 480 (15)
36, 61, 71, 205, 394, 438 (15)
36, 61, 71, 205, 394, 480 (14)
36, 61, 71, 205, 438, 480 (15)
36, 61, 71, 300, 377, 394 (15)
36, 61, 71, 300, 377, 438 (16)
36, 61, 71, 300, 377, 480 (15)
36, 61, 71, 300, 394, 438 (15)
36, 61, 71, 300, 394, 480 (14)
36, 61, 71, 300, 438, 480 (15)
36, 61, 71, 377, 394, 438 (15)
36, 61, 71, 377, 394, 480 (14)
36, 61, 71, 377, 438, 480 (15)
36, 61, 71, 394, 438, 480 (14)
36, 61, 205, 300, 377, 394 (15)
36, 61, 205, 300, 377, 438 (16)
36, 61, 205, 300, 377, 480 (15)
36, 61, 205, 300, 394, 438 (15)
36, 61, 205, 300, 394, 480 (14)
36, 61, 205, 300, 438, 480 (15)
36, 61, 205, 377, 394, 438 (15)
36, 61, 205, 377, 394, 480 (14)
36, 61, 205, 377, 438, 480 (15)
36, 61, 205, 394, 438, 480 (14)
36, 61, 300, 377, 394, 438 (15)
36, 61, 300, 377, 394, 480 (14)
36, 61, 300, 377, 438, 480 (15)
36, 61, 300, 394, 438, 480 (14)
36, 61, 377, 394, 438, 480 (14)
36, 70, 71, 205, 300, 377 (16)
36, 70, 71, 205, 300, 394 (15)
36, 70, 71, 205, 300, 438 (16)
36, 70, 71, 205, 300, 480 (15)
36, 70, 71, 205, 377, 394 (15)
36, 70, 71, 205, 377, 438 (16)
36, 70, 71, 205, 377, 480 (15)
36, 70, 71, 205, 394, 438 (15)
36, 70, 71, 205, 394, 480 (14)
36, 70, 71, 205, 438, 480 (15)
36, 70, 71, 300, 377, 394 (15)
36, 70, 71, 300, 377, 438 (16)
36, 70, 71, 300, 377, 480 (15)
36, 70, 71, 300, 394, 438 (15)
36, 70, 71, 300, 394, 480 (14)
36, 70, 71, 300, 438, 480 (15)
36, 70, 71, 377, 394, 438 (15)
36, 70, 71, 377, 394, 480 (14)
36, 70, 71, 377, 438, 480 (15)
36, 70, 71, 394, 438, 480 (14)
36, 70, 205, 300, 377, 394 (15)
36, 70, 205, 300, 377, 438 (16)
36, 70, 205, 300, 377, 480 (15)
36, 70, 205, 300, 394, 438 (15)
36, 70, 205, 300, 394, 480 (14)
36, 70, 205, 300, 438, 480 (15)
36, 70, 205, 377, 394, 438 (15)
36, 70, 205, 377, 394, 480 (14)
36, 70, 205, 377, 438, 480 (15)
36, 70, 205, 394, 438, 480 (14)
36, 70, 300, 377, 394, 438 (15)
36, 70, 300, 377, 394, 480 (14)
36, 70, 300, 377, 438, 480 (15)
36, 70, 300, 394, 438, 480 (14)
36, 70, 377, 394, 438, 480 (14)
36, 71, 205, 300, 377, 394 (15)
36, 71, 205, 300, 377, 438 (16)
36, 71, 205, 300, 377, 480 (15)
36, 71, 205, 300, 394, 438 (15)
36, 71, 205, 300, 394, 480 (14)
36, 71, 205, 300, 438, 480 (15)
36, 71, 205, 377, 394, 438 (15)
36, 71, 205, 377, 394, 480 (14)
36, 71, 205, 377, 438, 480 (15)
36, 71, 205, 394, 438, 480 (14)
36, 71, 300, 377, 394, 438 (15)
36, 71, 300, 377, 394, 480 (14)
36, 71, 300, 377, 438, 480 (15)
36, 71, 300, 394, 438, 480 (14)
36, 71, 377, 394, 438, 480 (14)
36, 205, 300, 377, 394, 438 (15)
36, 205, 300, 377, 394, 480 (14)
36, 205, 300, 377, 438, 480 (15)
36, 205, 300, 394, 438, 480 (14)
36, 205, 377, 394, 438, 480 (14)
36, 300, 377, 394, 438, 480 (14)
37, 53, 57, 111, 143, 145 (13)
37, 53, 57, 111, 143, 413 (13)
37, 53, 57, 111, 145, 413 (13)
37, 53, 57, 143, 145, 413 (13)
37, 53, 111, 143, 145, 413 (13)
37, 57, 111, 143, 145, 413 (13)
37, 73, 132, 222, 316, 343 (10)
37, 73, 132, 222, 316, 430 (10)
37, 73, 132, 222, 343, 430 (10)
37, 73, 132, 316, 343, 430 (10)
37, 73, 222, 316, 343, 430 (11)
37, 132, 222, 316, 343, 430 (10)
37, 171, 235, 411, 419, 422 (12)
38, 45, 98, 112, 198, 263 (11)
38, 45, 98, 112, 198, 354 (11)
38, 45, 98, 112, 198, 392 (11)
38, 45, 98, 112, 263, 354 (11)
38, 45, 98, 112, 263, 392 (11)
38, 45, 98, 112, 354, 392 (11)
38, 45, 98, 198, 263, 354 (11)
38, 45, 98, 198, 263, 392 (11)
38, 45, 98, 198, 354, 392 (11)
38, 45, 98, 263, 354, 392 (11)
38, 45, 112, 198, 263, 354 (11)
38, 45, 112, 198, 263, 392 (11)
38, 45, 112, 198, 354, 392 (11)
38, 45, 112, 263, 354, 392 (11)
38, 45, 198, 263, 354, 392 (11)
38, 98, 112, 198, 263, 354 (11)
38, 98, 112, 198, 263, 392 (11)
38, 98, 112, 198, 354, 392 (11)
38, 98, 112, 263, 354, 392 (11)
38, 98, 198, 263, 354, 392 (11)
38, 112, 198, 263, 354, 392 (11)
38, 316, 348, 355, 368, 373 (11)
38, 316, 348, 355, 368, 396 (11)
38, 316, 348, 355, 373, 396 (11)
38, 316, 348, 368, 373, 396 (11)
38, 316, 355, 368, 373, 396 (11)
38, 348, 355, 368, 373, 396 (11)
39, 108, 263, 306, 345, 498 (12)
39, 262, 364, 388, 422, 450 (10)
39, 262, 364, 388, 422, 478 (10)
39, 262, 364, 388, 450, 478 (10)
39, 262, 364, 422, 450, 478 (10)
39, 262, 388, 422, 450, 478 (10)
39, 364, 388, 422, 450, 478 (10)
40, 43, 205, 208, 258, 423 (10)
41, 111, 229, 259, 281, 402 (10)
41, 111, 229, 281, 322, 402 (10)
41, 111, 259, 281, 322, 402 (10)
42, 110, 156, 165, 263, 277 (15)
42, 110, 156, 165, 263, 427 (15)
42, 110, 156, 165, 277, 427 (15)
42, 110, 156, 263, 277, 427 (16)
42, 110, 165, 263, 277, 427 (17)
42, 156, 165, 263, 277, 427 (15)
43, 61, 93, 108, 185, 354 (17)
43, 61, 93, 108, 185, 420 (17)
43, 61, 93, 108, 185, 489 (18)
43, 61, 93, 108, 354, 420 (17)
43, 61, 93, 108, 354, 489 (18)
43, 61, 93, 108, 420, 489 (18)
43, 61, 93, 185, 354, 420 (17)
43, 61, 93, 185, 354, 489 (18)
43, 61, 93, 185, 420, 489 (18)
43, 61, 93, 354, 420, 489 (18)
43, 61, 108, 185, 354, 420 (16)
43, 61, 108, 185, 354, 489 (17)
43, 61, 108, 185, 420, 489 (17)
43, 61, 108, 354, 420, 489 (17)
43, 61, 185, 354, 420, 489 (17)
43, 93, 108, 185, 354, 420 (16)
43, 93, 108, 185, 354, 489 (17)
43, 93, 108, 185, 420, 489 (17)
43, 93, 108, 354, 420, 489 (17)
43, 93, 185, 354, 420, 489 (17)
43, 108, 185, 354, 420, 489 (16)
45, 55, 204, 222, 236, 239 (13)
45, 55, 204, 222, 236, 416 (13)
45, 55, 204, 222, 239, 416 (13)
45, 55, 204, 236, 239, 416 (13)
45, 55, 222, 236, 239, 416 (13)
45, 77, 120, 243, 443, 462 (10)
45, 98, 112, 198, 263, 354 (12)
45, 98, 112, 198, 263, 392 (12)
45, 98, 112, 198, 354, 392 (12)
45, 98, 112, 263, 354, 392 (12)
45, 98, 198, 263, 354, 392 (12)
45, 112, 198, 263, 354, 392 (12)
45, 132, 146, 234, 368, 390 (14)
45, 132, 146, 234, 368, 469 (13)
45, 132, 146, 234, 390, 469 (13)
45, 132, 146, 368, 390, 469 (13)
45, 132, 234, 368, 390, 469 (13)
45, 146, 234, 368, 390, 469 (13)
45, 204, 222, 236, 239, 416 (13)
48, 78, 274, 352, 370, 413 (10)
53, 57, 111, 143, 145, 413 (13)
53, 58, 205, 275, 474, 489 (12)
53, 124, 205, 266, 326, 411 (14)
53, 124, 205, 266, 326, 480 (14)
53, 124, 205, 266, 411, 480 (14)
53, 124, 205, 326, 411, 480 (15)
53, 124, 266, 326, 411, 480 (14)
53, 130, 180, 230, 239, 285 (10)
53, 130, 180, 230, 239, 299 (10)
53, 130, 180, 230, 239, 354 (10)
53, 130, 180, 230, 285, 299 (10)
53, 130, 180, 230, 285, 354 (10)
53, 130, 180, 230, 299, 354 (10)
53, 130, 180, 239, 285, 299 (12)
53, 130, 180, 239, 285, 354 (12)
53, 130, 180, 239, 299, 354 (12)
53, 130, 180, 285, 299, 354 (12)
53, 130, 230, 239, 285, 299 (11)
53, 130, 230, 239, 285, 354 (11)
53, 130, 230, 239, 299, 354 (11)
53, 130, 230, 285, 299, 354 (11)
53, 130, 239, 285, 299, 354 (13)
53, 180, 230, 239, 285, 299 (10)
53, 180, 230, 239, 285, 354 (10)
53, 180, 230, 239, 299, 354 (10)
53, 180, 230, 285, 299, 354 (10)
53, 180, 239, 285, 299, 354 (12)
53, 205, 266, 326, 411, 480 (14)
53, 230, 239, 285, 299, 354 (11)
54, 158, 226, 275, 419, 440 (15)
55, 140, 162, 227, 242, 305 (11)
55, 140, 162, 227, 242, 470 (11)
55, 140, 162, 227, 305, 470 (11)
55, 140, 162, 242, 305, 470 (11)
55, 140, 227, 242, 305, 470 (11)
55, 162, 227, 242, 305, 470 (11)
55, 204, 222, 236, 239, 416 (13)
60, 93, 208, 280, 294, 368 (11)
61, 70, 71, 205, 300, 377 (16)
61, 70, 71, 205, 300, 394 (15)
61, 70, 71, 205, 300, 438 (16)
61, 70, 71, 205, 300, 480 (15)
61, 70, 71, 205, 377, 394 (15)
61, 70, 71, 205, 377, 438 (16)
61, 70, 71, 205, 377, 480 (15)
61, 70, 71, 205, 394, 438 (15)
61, 70, 71, 205, 394, 480 (14)
61, 70, 71, 205, 438, 480 (15)
61, 70, 71, 300, 377, 394 (15)
61, 70, 71, 300, 377, 438 (16)
61, 70, 71, 300, 377, 480 (15)
61, 70, 71, 300, 394, 438 (15)
61, 70, 71, 300, 394, 480 (14)
61, 70, 71, 300, 438, 480 (15)
61, 70, 71, 377, 394, 438 (15)
61, 70, 71, 377, 394, 480 (14)
61, 70, 71, 377, 438, 480 (15)
61, 70, 71, 394, 438, 480 (14)
61, 70, 205, 300, 377, 394 (15)
61, 70, 205, 300, 377, 438 (16)
61, 70, 205, 300, 377, 480 (15)
61, 70, 205, 300, 394, 438 (15)
61, 70, 205, 300, 394, 480 (14)
61, 70, 205, 300, 438, 480 (15)
61, 70, 205, 377, 394, 438 (15)
61, 70, 205, 377, 394, 480 (14)
61, 70, 205, 377, 438, 480 (15)
61, 70, 205, 394, 438, 480 (14)
61, 70, 300, 377, 394, 438 (15)
61, 70, 300, 377, 394, 480 (14)
61, 70, 300, 377, 438, 480 (15)
61, 70, 300, 394, 438, 480 (14)
61, 70, 377, 394, 438, 480 (14)
61, 71, 205, 300, 377, 394 (15)
61, 71, 205, 300, 377, 438 (16)
61, 71, 205, 300, 377, 480 (15)
61, 71, 205, 300, 394, 438 (15)
61, 71, 205, 300, 394, 480 (14)
61, 71, 205, 300, 438, 480 (15)
61, 71, 205, 377, 394, 438 (15)
61, 71, 205, 377, 394, 480 (14)
61, 71, 205, 377, 438, 480 (15)
61, 71, 205, 394, 438, 480 (14)
61, 71, 300, 377, 394, 438 (15)
61, 71, 300, 377, 394, 480 (14)
61, 71, 300, 377, 438, 480 (15)
61, 71, 300, 394, 438, 480 (14)
61, 71, 377, 394, 438, 480 (14)
61, 93, 108, 185, 354, 420 (16)
61, 93, 108, 185, 354, 489 (17)
61, 93, 108, 185, 420, 489 (17)
61, 93, 108, 354, 420, 489 (17)
61, 93, 185, 354, 420, 489 (17)
61, 108, 185, 354, 420, 489 (16)
61, 145, 227, 229, 239, 486 (12)
61, 205, 300, 377, 394, 438 (15)
61, 205, 300, 377, 394, 480 (14)
61, 205, 300, 377, 438, 480 (15)
61, 205, 300, 394, 438, 480 (14)
61, 205, 377, 394, 438, 480 (14)
61, 300, 377, 394, 438, 480 (14)
63, 201, 332, 350, 362, 381 (13)
63, 201, 332, 350, 362, 477 (13)
63, 201, 332, 350, 381, 477 (13)
63, 201, 332, 362, 381, 477 (13)
63, 201, 350, 362, 381, 477 (13)
63, 332, 350, 362, 381, 477 (13)
65, 71, 110, 307, 328, 338 (14)
65, 71, 110, 307, 328, 401 (14)
65, 71, 110, 307, 338, 401 (14)
65, 71, 110, 328, 338, 401 (14)
65, 71, 307, 328, 338, 401 (14)
65, 110, 307, 328, 338, 401 (14)
69, 100, 120, 335, 387, 467 (10)
69, 111, 229, 242, 354, 443 (12)
69, 111, 229, 242, 354, 494 (11)
69, 111, 229, 242, 443, 494 (11)
69, 111, 229, 354, 443, 494 (11)
69, 111, 242, 354, 443, 494 (11)
69, 158, 279, 283, 295, 422 (18)
69, 229, 242, 354, 443, 494 (11)
70, 71, 205, 300, 377, 394 (15)
70, 71, 205, 300, 377, 438 (16)
70, 71, 205, 300, 377, 480 (15)
70, 71, 205, 300, 394, 438 (15)
70, 71, 205, 300, 394, 480 (14)
70, 71, 205, 300, 438, 480 (15)
70, 71, 205, 377, 394, 438 (15)
70, 71, 205, 377, 394, 480 (14)
70, 71, 205, 377, 438, 480 (15)
70, 71, 205, 394, 438, 480 (14)
70, 71, 300, 377, 394, 438 (15)
70, 71, 300, 377, 394, 480 (14)
70, 71, 300, 377, 438, 480 (15)
70, 71, 300, 394, 438, 480 (14)
70, 71, 377, 394, 438, 480 (14)
70, 73, 122, 160, 368, 400 (12)
70, 95, 147, 205, 360, 423 (10)
70, 130, 143, 159, 177, 240 (12)
70, 130, 143, 159, 177, 393 (11)
70, 130, 143, 159, 240, 393 (11)
70, 130, 143, 177, 240, 393 (12)
70, 130, 159, 177, 240, 393 (11)
70, 143, 159, 177, 240, 393 (12)
70, 145, 162, 202, 217, 310 (10)
70, 145, 162, 202, 217, 461 (10)
70, 145, 162, 202, 310, 461 (12)
70, 145, 162, 217, 310, 461 (12)
70, 145, 202, 217, 310, 461 (10)
70, 162, 202, 217, 310, 461 (11)
70, 205, 300, 377, 394, 438 (15)
70, 205, 300, 377, 394, 480 (14)
70, 205, 300, 377, 438, 480 (15)
70, 205, 300, 394, 438, 480 (14)
70, 205, 377, 394, 438, 480 (14)
70, 300, 377, 394, 438, 480 (14)
71, 72, 123, 360, 362, 400 (10)
71, 98, 114, 407, 419, 459 (10)
71, 104, 132, 161, 234, 350 (13)
71, 104, 132, 161, 234, 421 (11)
71, 104, 132, 161, 234, 459 (11)
71, 104, 132, 161, 350, 421 (11)
71, 104, 132, 161, 350, 459 (11)
71, 104, 132, 234, 350, 421 (11)
71, 104, 132, 234, 350, 459 (11)
71, 104, 161, 234, 350, 421 (11)
71, 104, 161, 234, 350, 459 (11)
71, 110, 307, 328, 338, 401 (14)
71, 132, 161, 234, 350, 421 (11)
71, 132, 161, 234, 350, 459 (11)
71, 161, 242, 280, 368, 421 (11)
71, 161, 242, 280, 368, 427 (11)
71, 161, 242, 280, 421, 427 (12)
71, 161, 242, 368, 421, 427 (12)
71, 161, 280, 368, 421, 427 (12)
71, 205, 300, 377, 394, 438 (15)
71, 205, 300, 377, 394, 480 (14)
71, 205, 300, 377, 438, 480 (15)
71, 205, 300, 394, 438, 480 (14)
71, 205, 377, 394, 438, 480 (14)
71, 242, 280, 368, 421, 427 (12)
71, 300, 377, 394, 438, 480 (14)
73, 82, 100, 125, 470, 477 (11)
73, 82, 100, 125, 470, 489 (12)
73, 82, 100, 125, 477, 489 (12)
73, 82, 100, 470, 477, 489 (11)
73, 82, 125, 470, 477, 489 (11)
73, 100, 125, 470, 477, 489 (12)
73, 132, 222, 316, 343, 430 (11)
79, 286, 308, 319, 400, 467 (10)
82, 97, 175, 309, 377, 461 (10)
82, 97, 175, 309, 377, 494 (10)
82, 97, 175, 309, 461, 494 (10)
82, 97, 175, 377, 461, 494 (10)
82, 97, 309, 377, 461, 494 (10)
82, 100, 125, 470, 477, 489 (12)
82, 175, 309, 377, 461, 494 (10)
89, 163, 217, 266, 465, 478 (15)
89, 163, 217, 266, 465, 489 (15)
89, 163, 217, 266, 478, 489 (15)
89, 163, 217, 465, 478, 489 (15)
89, 163, 266, 465, 478, 489 (16)
89, 217, 266, 465, 478, 489 (16)
90, 175, 204, 205, 364, 373 (11)
90, 175, 204, 205, 364, 438 (10)
90, 175, 204, 205, 373, 438 (10)
90, 175, 204, 364, 373, 438 (10)
90, 175, 205, 364, 373, 438 (11)
90, 204, 205, 364, 373, 438 (10)
91, 143, 216, 217, 241, 286 (12)
91, 143, 216, 217, 241, 290 (11)
91, 143, 216, 217, 249, 286 (10)
91, 143, 216, 217, 249, 290 (10)
91, 143, 216, 217, 286, 290 (12)
91, 143, 216, 241, 286, 290 (11)
91, 143, 216, 249, 286, 290 (10)
91, 143, 217, 241, 286, 290 (11)
91, 143, 217, 249, 286, 290 (10)
91, 216, 217, 241, 286, 290 (11)
91, 216, 217, 249, 286, 290 (10)
93, 108, 185, 354, 420, 489 (16)
97, 175, 309, 377, 461, 494 (10)
97, 226, 276, 300, 335, 449 (10)
98, 112, 198, 263, 354, 392 (12)
104, 132, 161, 234, 350, 421 (12)
104, 132, 161, 234, 350, 459 (12)
104, 132, 161, 234, 421, 459 (10)
104, 132, 161, 350, 421, 459 (10)
104, 132, 234, 350, 421, 459 (10)
104, 161, 234, 350, 421, 459 (10)
105, 112, 120, 154, 343, 360 (16)
105, 112, 120, 154, 343, 405 (15)
105, 112, 120, 154, 343, 419 (14)
105, 112, 120, 154, 360, 405 (15)
105, 112, 120, 154, 360, 419 (14)
105, 112, 120, 154, 405, 419 (13)
105, 112, 120, 343, 360, 405 (16)
105, 112, 120, 343, 360, 419 (15)
105, 112, 120, 343, 405, 419 (14)
105, 112, 120, 360, 405, 419 (14)
105, 112, 154, 343, 360, 405 (15)
105, 112, 154, 343, 360, 419 (14)
105, 112, 154, 343, 405, 419 (13)
105, 112, 154, 360, 405, 419 (13)
105, 112, 343, 360, 405, 419 (14)
105, 120, 154, 343, 360, 405 (16)
105, 120, 154, 343, 360, 419 (15)
105, 120, 154, 343, 405, 419 (14)
105, 120, 154, 360, 405, 419 (14)
105, 120, 343, 360, 405, 419 (15)
105, 154, 343, 360, 405, 419 (14)
110, 118, 204, 207, 222, 474 (10)
110, 156, 165, 263, 277, 427 (16)
111, 229, 242, 354, 443, 494 (11)
112, 120, 154, 343, 360, 405 (15)
112, 120, 154, 343, 360, 419 (14)
112, 120, 154, 343, 405, 419 (13)
112, 120, 154, 360, 405, 419 (13)
112, 120, 343, 360, 405, 419 (14)
112, 154, 343, 360, 405, 419 (13)
112, 183, 236, 280, 308, 368 (12)
115, 177, 265, 307, 334, 496 (15)
115, 196, 249, 285, 289, 362 (14)
115, 196, 249, 285, 289, 443 (14)
115, 196, 249, 285, 289, 470 (14)
115, 196, 249, 285, 362, 443 (14)
115, 196, 249, 285, 362, 470 (14)
115, 196, 249, 285, 443, 470 (14)
115, 196, 249, 289, 362, 443 (15)
115, 196, 249, 289, 362, 470 (15)
115, 196, 249, 289, 443, 470 (15)
115, 196, 249, 362, 443, 470 (15)
115, 196, 285, 289, 362, 443 (16)
115, 196, 285, 289, 362, 470 (16)
115, 196, 285, 289, 443, 470 (16)
115, 196, 285, 362, 443, 470 (16)
115, 196, 289, 362, 443, 470 (17)
115, 249, 285, 289, 362, 443 (14)
115, 249, 285, 289, 362, 470 (14)
115, 249, 285, 289, 443, 470 (14)
115, 249, 285, 362, 443, 470 (14)
115, 249, 289, 362, 443, 470 (15)
115, 285, 289, 362, 443, 470 (16)
120, 132, 160, 350, 419, 438 (11)
120, 132, 160, 350, 419, 490 (11)
120, 132, 160, 350, 438, 490 (12)
120, 132, 160, 419, 438, 490 (11)
120, 132, 350, 419, 438, 490 (11)
120, 154, 343, 360, 405, 419 (14)
120, 160, 350, 419, 438, 490 (11)
120, 190, 322, 367, 414, 486 (11)
120, 190, 322, 367, 414, 490 (11)
120, 190, 322, 367, 486, 490 (11)
120, 190, 322, 414, 486, 490 (11)
120, 190, 367, 414, 486, 490 (11)
120, 322, 367, 414, 486, 490 (11)
124, 205, 266, 326, 411, 480 (14)
127, 175, 279, 381, 414, 427 (14)
127, 175, 279, 381, 414, 428 (14)
127, 175, 279, 381, 427, 428 (14)
127, 175, 279, 414, 427, 428 (15)
127, 175, 381, 414, 427, 428 (14)
127, 279, 381, 414, 427, 428 (15)
130, 143, 159, 177, 240, 393 (11)
130, 156, 266, 276, 356, 390 (10)
130, 180, 230, 239, 285, 299 (11)
130, 180, 230, 239, 285, 354 (11)
130, 180, 230, 239, 299, 354 (11)
130, 180, 230, 285, 299, 354 (11)
130, 180, 239, 285, 299, 354 (13)
130, 230, 239, 285, 299, 354 (12)
132, 145, 322, 346, 365, 408 (16)
132, 145, 322, 346, 365, 474 (15)
132, 145, 322, 346, 408, 474 (14)
132, 145, 322, 365, 408, 474 (15)
132, 145, 346, 365, 408, 474 (14)
132, 146, 234, 368, 390, 469 (13)
132, 160, 350, 419, 438, 490 (11)
132, 161, 234, 350, 421, 459 (10)
132, 322, 346, 365, 408, 474 (14)
140, 145, 197, 205, 239, 419 (11)
140, 145, 197, 205, 239, 475 (11)
140, 145, 197, 205, 419, 475 (11)
140, 145, 197, 239, 419, 475 (11)
140, 145, 205, 239, 419, 475 (13)
140, 162, 227, 242, 305, 470 (11)
140, 197, 205, 239, 419, 475 (12)
143, 216, 217, 241, 286, 290 (11)
143, 216, 217, 249, 286, 290 (10)
145, 162, 202, 217, 310, 461 (10)
145, 197, 205, 239, 419, 475 (12)
145, 210, 361, 367, 373, 494 (12)
145, 318, 368, 412, 427, 460 (12)
145, 318, 368, 412, 427, 474 (12)
145, 318, 368, 412, 460, 474 (12)
145, 318, 368, 427, 460, 474 (13)
145, 318, 412, 427, 460, 474 (12)
145, 322, 346, 365, 408, 474 (14)
145, 368, 412, 427, 460, 474 (13)
161, 242, 280, 368, 421, 427 (11)
163, 217, 266, 465, 478, 489 (15)
172, 352, 368, 459, 477, 492 (12)
175, 204, 205, 364, 373, 438 (10)
175, 279, 381, 414, 427, 428 (14)
177, 187, 195, 362, 415, 456 (11)
180, 230, 239, 285, 299, 354 (11)
183, 319, 339, 357, 377, 387 (12)
183, 319, 339, 357, 377, 460 (11)
183, 319, 339, 357, 387, 460 (11)
183, 319, 339, 377, 387, 460 (11)
183, 319, 357, 377, 387, 460 (12)
183, 339, 357, 377, 387, 460 (11)
187, 196, 217, 306, 333, 359 (15)
187, 196, 217, 306, 333, 413 (16)
187, 196, 217, 306, 333, 424 (16)
187, 196, 217, 306, 333, 443 (15)
187, 196, 217, 306, 333, 471 (15)
187, 196, 217, 306, 359, 413 (16)
187, 196, 217, 306, 359, 424 (16)
187, 196, 217, 306, 359, 443 (16)
187, 196, 217, 306, 359, 471 (15)
187, 196, 217, 306, 413, 424 (17)
187, 196, 217, 306, 413, 443 (16)
187, 196, 217, 306, 413, 471 (16)
187, 196, 217, 306, 424, 443 (16)
187, 196, 217, 306, 424, 471 (16)
187, 196, 217, 306, 443, 471 (15)
187, 196, 217, 333, 359, 413 (16)
187, 196, 217, 333, 359, 424 (16)
187, 196, 217, 333, 359, 443 (16)
187, 196, 217, 333, 359, 471 (15)
187, 196, 217, 333, 413, 424 (17)
187, 196, 217, 333, 413, 443 (16)
187, 196, 217, 333, 413, 471 (16)
187, 196, 217, 333, 424, 443 (16)
187, 196, 217, 333, 424, 471 (16)
187, 196, 217, 333, 443, 471 (15)
187, 196, 217, 359, 413, 424 (17)
187, 196, 217, 359, 413, 443 (17)
187, 196, 217, 359, 413, 471 (16)
187, 196, 217, 359, 424, 443 (17)
187, 196, 217, 359, 424, 471 (16)
187, 196, 217, 359, 443, 471 (16)
187, 196, 217, 413, 424, 443 (17)
187, 196, 217, 413, 424, 471 (17)
187, 196, 217, 413, 443, 471 (16)
187, 196, 217, 424, 443, 471 (16)
187, 196, 306, 333, 359, 413 (16)
187, 196, 306, 333, 359, 424 (16)
187, 196, 306, 333, 359, 443 (16)
187, 196, 306, 333, 359, 471 (15)
187, 196, 306, 333, 413, 424 (17)
187, 196, 306, 333, 413, 443 (16)
187, 196, 306, 333, 413, 471 (16)
187, 196, 306, 333, 424, 443 (16)
187, 196, 306, 333, 424, 471 (16)
187, 196, 306, 333, 443, 471 (15)
187, 196, 306, 359, 413, 424 (17)
187, 196, 306, 359, 413, 443 (17)
187, 196, 306, 359, 413, 471 (16)
187, 196, 306, 359, 424, 443 (17)
187, 196, 306, 359, 424, 471 (16)
187, 196, 306, 359, 443, 471 (16)
187, 196, 306, 413, 424, 443 (17)
187, 196, 306, 413, 424, 471 (17)
187, 196, 306, 413, 443, 471 (16)
187, 196, 306, 424, 443, 471 (16)
187, 196, 333, 359, 413, 424 (17)
187, 196, 333, 359, 413, 443 (17)
187, 196, 333, 359, 413, 471 (16)
187, 196, 333, 359, 424, 443 (17)
187, 196, 333, 359, 424, 471 (16)
187, 196, 333, 359, 443, 471 (16)
187, 196, 333, 413, 424, 443 (17)
187, 196, 333, 413, 424, 471 (17)
187, 196, 333, 413, 443, 471 (16)
187, 196, 333, 424, 443, 471 (16)
187, 196, 359, 413, 424, 443 (18)
187, 196, 359, 413, 424, 471 (17)
187, 196, 359, 413, 443, 471 (17)
187, 196, 359, 424, 443, 471 (17)
187, 196, 413, 424, 443, 471 (17)
187, 217, 306, 333, 359, 413 (15)
187, 217, 306, 333, 359, 424 (15)
187, 217, 306, 333, 359, 443 (15)
187, 217, 306, 333, 359, 471 (14)
187, 217, 306, 333, 413, 424 (16)
187, 217, 306, 333, 413, 443 (15)
187, 217, 306, 333, 413, 471 (15)
187, 217, 306, 333, 424, 443 (15)
187, 217, 306, 333, 424, 471 (15)
187, 217, 306, 333, 443, 471 (14)
187, 217, 306, 359, 413, 424 (16)
187, 217, 306, 359, 413, 443 (16)
187, 217, 306, 359, 413, 471 (15)
187, 217, 306, 359, 424, 443 (16)
187, 217, 306, 359, 424, 471 (15)
187, 217, 306, 359, 443, 471 (15)
187, 217, 306, 413, 424, 443 (16)
187, 217, 306, 413, 424, 471 (16)
187, 217, 306, 413, 443, 471 (15)
187, 217, 306, 424, 443, 471 (15)
187, 217, 333, 359, 413, 424 (17)
187, 217, 333, 359, 413, 443 (17)
187, 217, 333, 359, 413, 471 (16)
187, 217, 333, 359, 424, 443 (17)
187, 217, 333, 359, 424, 471 (16)
187, 217, 333, 359, 443, 471 (16)
187, 217, 333, 413, 424, 443 (17)
187, 217, 333, 413, 424, 471 (17)
187, 217, 333, 413, 443, 471 (16)
187, 217, 333, 424, 443, 471 (16)
187, 217, 359, 413, 424, 443 (18)
187, 217, 359, 413, 424, 471 (17)
187, 217, 359, 413, 443, 471 (17)
187, 217, 359, 424, 443, 471 (17)
187, 217, 413, 424, 443, 471 (17)
187, 306, 333, 359, 413, 424 (16)
187, 306, 333, 359, 413, 443 (16)
187, 306, 333, 359, 413, 471 (15)
187, 306, 333, 359, 424, 443 (16)
187, 306, 333, 359, 424, 471 (15)
187, 306, 333, 359, 443, 471 (15)
187, 306, 333, 413, 424, 443 (16)
187, 306, 333, 413, 424, 471 (16)
187, 306, 333, 413, 443, 471 (15)
187, 306, 333, 424, 443, 471 (15)
187, 306, 359, 413, 424, 443 (17)
187, 306, 359, 413, 424, 471 (16)
187, 306, 359, 413, 443, 471 (16)
187, 306, 359, 424, 443, 471 (16)
187, 306, 413, 424, 443, 471 (16)
187, 333, 359, 413, 424, 443 (18)
187, 333, 359, 413, 424, 471 (17)
187, 333, 359, 413, 443, 471 (17)
187, 333, 359, 424, 443, 471 (17)
187, 333, 413, 424, 443, 471 (17)
187, 359, 413, 424, 443, 471 (18)
190, 322, 367, 414, 486, 490 (11)
196, 217, 306, 333, 359, 413 (16)
196, 217, 306, 333, 359, 424 (16)
196, 217, 306, 333, 359, 443 (16)
196, 217, 306, 333, 359, 471 (15)
196, 217, 306, 333, 413, 424 (17)
196, 217, 306, 333, 413, 443 (16)
196, 217, 306, 333, 413, 471 (16)
196, 217, 306, 333, 424, 443 (16)
196, 217, 306, 333, 424, 471 (16)
196, 217, 306, 333, 443, 471 (15)
196, 217, 306, 359, 413, 424 (17)
196, 217, 306, 359, 413, 443 (17)
196, 217, 306, 359, 413, 471 (16)
196, 217, 306, 359, 424, 443 (17)
196, 217, 306, 359, 424, 471 (16)
196, 217, 306, 359, 443, 471 (16)
196, 217, 306, 413, 424, 443 (17)
196, 217, 306, 413, 424, 471 (17)
196, 217, 306, 413, 443, 471 (16)
196, 217, 306, 424, 443, 471 (16)
196, 217, 333, 359, 413, 424 (17)
196, 217, 333, 359, 413, 443 (17)
196, 217, 333, 359, 413, 471 (16)
196, 217, 333, 359, 424, 443 (17)
196, 217, 333, 359, 424, 471 (16)
196, 217, 333, 359, 443, 471 (16)
196, 217, 333, 413, 424, 443 (17)
196, 217, 333, 413, 424, 471 (17)
196, 217, 333, 413, 443, 471 (16)
196, 217, 333, 424, 443, 471 (16)
196, 217, 359, 413, 424, 443 (18)
196, 217, 359, 413, 424, 471 (17)
196, 217, 359, 413, 443, 471 (17)
196, 217, 359, 424, 443, 471 (17)
196, 217, 413, 424, 443, 471 (17)
196, 249, 285, 289, 362, 443 (15)
196, 249, 285, 289, 362, 470 (15)
196, 249, 285, 289, 443, 470 (15)
196, 249, 285, 362, 443, 470 (15)
196, 249, 289, 362, 443, 470 (16)
196, 285, 289, 362, 443, 470 (17)
196, 306, 333, 359, 413, 424 (17)
196, 306, 333, 359, 413, 443 (17)
196, 306, 333, 359, 413, 471 (16)
196, 306, 333, 359, 424, 443 (17)
196, 306, 333, 359, 424, 471 (16)
196, 306, 333, 359, 443, 471 (16)
196, 306, 333, 413, 424, 443 (17)
196, 306, 333, 413, 424, 471 (17)
196, 306, 333, 413, 443, 471 (16)
196, 306, 333, 424, 443, 471 (16)
196, 306, 359, 413, 424, 443 (18)
196, 306, 359, 413, 424, 471 (17)
196, 306, 359, 413, 443, 471 (17)
196, 306, 359, 424, 443, 471 (17)
196, 306, 413, 424, 443, 471 (17)
196, 333, 359, 413, 424, 443 (18)
196, 333, 359, 413, 424, 471 (17)
196, 333, 359, 413, 443, 471 (17)
196, 333, 359, 424, 443, 471 (17)
196, 333, 413, 424, 443, 471 (17)
196, 359, 413, 424, 443, 471 (18)
201, 332, 350, 362, 381, 477 (13)
202, 229, 349, 361, 460, 490 (10)
205, 300, 377, 394, 438, 480 (14)
216, 286, 338, 354, 402, 414 (16)
216, 286, 338, 354, 402, 442 (16)
216, 286, 338, 354, 402, 470 (15)
216, 286, 338, 354, 414, 442 (16)
216, 286, 338, 354, 414, 470 (15)
216, 286, 338, 354, 442, 470 (15)
216, 286, 338, 402, 414, 442 (16)
216, 286, 338, 402, 414, 470 (15)
216, 286, 338, 402, 442, 470 (15)
216, 286, 338, 414, 442, 470 (15)
216, 286, 354, 402, 414, 442 (16)
216, 286, 354, 402, 414, 470 (15)
216, 286, 354, 402, 442, 470 (15)
216, 286, 354, 414, 442, 470 (15)
216, 286, 402, 414, 442, 470 (15)
216, 338, 354, 402, 414, 442 (16)
216, 338, 354, 402, 414, 470 (15)
216, 338, 354, 402, 442, 470 (15)
216, 338, 354, 414, 442, 470 (15)
216, 338, 402, 414, 442, 470 (15)
216, 354, 402, 414, 442, 470 (15)
217, 306, 333, 359, 413, 424 (17)
217, 306, 333, 359, 413, 443 (17)
217, 306, 333, 359, 413, 471 (16)
217, 306, 333, 359, 424, 443 (17)
217, 306, 333, 359, 424, 471 (16)
217, 306, 333, 359, 443, 471 (16)
217, 306, 333, 413, 424, 443 (17)
217, 306, 333, 413, 424, 471 (17)
217, 306, 333, 413, 443, 471 (16)
217, 306, 333, 424, 443, 471 (16)
217, 306, 359, 413, 424, 443 (18)
217, 306, 359, 413, 424, 471 (17)
217, 306, 359, 413, 443, 471 (17)
217, 306, 359, 424, 443, 471 (17)
217, 306, 413, 424, 443, 471 (17)
217, 333, 359, 413, 424, 443 (19)
217, 333, 359, 413, 424, 471 (18)
217, 333, 359, 413, 443, 471 (18)
217, 333, 359, 424, 443, 471 (18)
217, 333, 413, 424, 443, 471 (18)
217, 359, 413, 424, 443, 471 (19)
249, 285, 289, 362, 443, 470 (15)
262, 364, 388, 422, 450, 478 (10)
286, 338, 354, 402, 414, 442 (16)
286, 338, 354, 402, 414, 470 (15)
286, 338, 354, 402, 442, 470 (15)
286, 338, 354, 414, 442, 470 (15)
286, 338, 402, 414, 442, 470 (15)
286, 354, 402, 414, 442, 470 (15)
306, 333, 359, 413, 424, 443 (18)
306, 333, 359, 413, 424, 471 (17)
306, 333, 359, 413, 443, 471 (17)
306, 333, 359, 424, 443, 471 (17)
306, 333, 413, 424, 443, 471 (17)
306, 359, 413, 424, 443, 471 (18)
309, 314, 354, 377, 381, 390 (10)
309, 314, 354, 377, 381, 448 (10)
309, 314, 354, 377, 390, 448 (10)
309, 314, 354, 381, 390, 448 (12)
309, 314, 377, 381, 390, 448 (10)
309, 354, 377, 381, 390, 448 (10)
314, 354, 377, 381, 390, 448 (10)
316, 348, 355, 368, 373, 396 (11)
318, 368, 412, 427, 460, 474 (12)
319, 339, 357, 377, 387, 460 (11)
333, 359, 413, 424, 443, 471 (19)
338, 354, 402, 414, 442, 470 (15)
