0, 65, 71, 110, 307, 328, 338 (14)
0, 65, 71, 110, 307, 328, 401 (14)
0, 65, 71, 110, 307, 338, 401 (14)
0, 65, 71, 110, 328, 338, 401 (14)
0, 65, 71, 307, 328, 338, 401 (14)
0, 65, 110, 307, 328, 338, 401 (14)
0, 71, 110, 307, 328, 338, 401 (14)
1, 27, 38, 145, 332, 415, 422 (10)
1, 27, 38, 145, 332, 422, 449 (10)
1, 27, 38, 145, 415, 422, 449 (10)
1, 27, 38, 332, 415, 422, 449 (10)
1, 110, 118, 204, 207, 222, 474 (10)
1, 127, 175, 279, 381, 414, 427 (14)
1, 127, 175, 279, 381, 414, 428 (14)
1, 127, 175, 279, 381, 427, 428 (14)
1, 127, 175, 279, 414, 427, 428 (15)
1, 127, 175, 381, 414, 427, 428 (14)
1, 127, 279, 381, 414, 427, 428 (15)
1, 175, 279, 381, 414, 427, 428 (14)
3, 34, 276, 343, 381, 423, 480 (10)
6, 140, 145, 197, 205, 239, 419 (10)
6, 140, 145, 197, 205, 239, 475 (10)
6, 140, 145, 197, 205, 419, 475 (10)
6, 140, 145, 197, 239, 419, 475 (10)
6, 140, 145, 205, 239, 419, 475 (12)
6, 140, 197, 205, 239, 419, 475 (11)
6, 145, 197, 205, 239, 419, 475 (11)
8, 39, 108, 263, 306, 345, 498 (12)
8, 63, 201, 332, 350, 362, 381 (11)
8, 63, 201, 332, 350, 362, 477 (11)
8, 63, 201, 332, 350, 381, 477 (11)
8, 63, 201, 332, 362, 381, 477 (11)
8, 63, 201, 350, 362, 381, 477 (11)
8, 63, 332, 350, 362, 381, 477 (11)
8, 201, 332, 350, 362, 381, 477 (11)
12, 69, 100, 120, 335, 387, 467 (10)
12, 71, 72, 123, 360, 362, 400 (10)
12, 115, 177, 265, 307, 334, 496 (15)
18, 53, 124, 205, 266, 326, 411 (14)
18, 53, 124, 205, 266, 326, 480 (14)
18, 53, 124, 205, 266, 411, 480 (14)
18, 53, 124, 205, 326, 411, 480 (14)
18, 53, 124, 266, 326, 411, 480 (14)
18, 53, 205, 266, 326, 411, 480 (14)
18, 124, 205, 266, 326, 411, 480 (14)
25, 69, 111, 229, 242, 354, 443 (12)
25, 69, 111, 229, 242, 354, 494 (11)
25, 69, 111, 229, 242, 443, 494 (11)
25, 69, 111, 229, 354, 443, 494 (11)
25, 69, 111, 242, 354, 443, 494 (11)
25, 69, 229, 242, 354, 443, 494 (11)
25, 111, 229, 242, 354, 443, 494 (11)
27, 43, 61, 93, 108, 185, 354 (17)
27, 43, 61, 93, 108, 185, 420 (17)
27, 43, 61, 93, 108, 185, 489 (18)
27, 43, 61, 93, 108, 354, 420 (17)
27, 43, 61, 93, 108, 354, 489 (18)
27, 43, 61, 93, 108, 420, 489 (18)
27, 43, 61, 93, 185, 354, 420 (17)
27, 43, 61, 93, 185, 354, 489 (18)
27, 43, 61, 93, 185, 420, 489 (18)
27, 43, 61, 93, 354, 420, 489 (18)
27, 43, 61, 108, 185, 354, 420 (16)
27, 43, 61, 108, 185, 354, 489 (17)
27, 43, 61, 108, 185, 420, 489 (17)
27, 43, 61, 108, 354, 420, 489 (17)
27, 43, 61, 185, 354, 420, 489 (17)
27, 43, 93, 108, 185, 354, 420 (16)
27, 43, 93, 108, 185, 354, 489 (17)
27, 43, 93, 108, 185, 420, 489 (17)
27, 43, 93, 108, 354, 420, 489 (17)
27, 43, 93, 185, 354, 420, 489 (17)
27, 43, 108, 185, 354, 420, 489 (16)
27, 61, 93, 108, 185, 354, 420 (16)
27, 61, 93, 108, 185, 354, 489 (17)
27, 61, 93, 108, 185, 420, 489 (17)
27, 61, 93, 108, 354, 420, 489 (17)
27, 61, 93, 185, 354, 420, 489 (17)
27, 61, 108, 185, 354, 420, 489 (16)
27, 93, 108, 185, 354, 420, 489 (16)
33, 90, 175, 204, 205, 364, 373 (11)
33, 90, 175, 204, 205, 364, 438 (10)
33, 90, 175, 204, 205, 373, 438 (10)
33, 90, 175, 204, 364, 373, 438 (10)
33, 90, 175, 205, 364, 373, 438 (11)
33, 90, 204, 205, 364, 373, 438 (10)
33, 175, 204, 205, 364, 373, 438 (10)
36, 61, 70, 71, 205, 300, 377 (16)
36, 61, 70, 71, 205, 300, 394 (15)
36, 61, 70, 71, 205, 300, 438 (16)
36, 61, 70, 71, 205, 300, 480 (15)
36, 61, 70, 71, 205, 377, 394 (15)
36, 61, 70, 71, 205, 377, 438 (16)
36, 61, 70, 71, 205, 377, 480 (15)
36, 61, 70, 71, 205, 394, 438 (15)
36, 61, 70, 71, 205, 394, 480 (14)
36, 61, 70, 71, 205, 438, 480 (15)
36, 61, 70, 71, 300, 377, 394 (15)
36, 61, 70, 71, 300, 377, 438 (16)
36, 61, 70, 71, 300, 377, 480 (15)
36, 61, 70, 71, 300, 394, 438 (15)
36, 61, 70, 71, 300, 394, 480 (14)
36, 61, 70, 71, 300, 438, 480 (15)
36, 61, 70, 71, 377, 394, 438 (15)
36, 61, 70, 71, 377, 394, 480 (14)
36, 61, 70, 71, 377, 438, 480 (15)
36, 61, 70, 71, 394, 438, 480 (14)
36, 61, 70, 205, 300, 377, 394 (15)
36, 61, 70, 205, 300, 377, 438 (16)
36, 61, 70, 205, 300, 377, 480 (15)
36, 61, 70, 205, 300, 394, 438 (15)
36, 61, 70, 205, 300, 394, 480 (14)
36, 61, 70, 205, 300, 438, 480 (15)
36, 61, 70, 205, 377, 394, 438 (15)
36, 61, 70, 205, 377, 394, 480 (14)
36, 61, 70, 205, 377, 438, 480 (15)
36, 61, 70, 205, 394, 438, 480 (14)
36, 61, 70, 300, 377, 394, 438 (15)
36, 61, 70, 300, 377, 394, 480 (14)
36, 61, 70, 300, 377, 438, 480 (15)
36, 61, 70, 300, 394, 438, 480 (14)
36, 61, 70, 377, 394, 438, 480 (14)
36, 61, 71, 205, 300, 377, 394 (15)
36, 61, 71, 205, 300, 377, 438 (16)
36, 61, 71, 205, 300, 377, 480 (15)
36, 61, 71, 205, 300, 394, 438 (15)
36, 61, 71, 205, 300, 394, 480 (14)
36, 61, 71, 205, 300, 438, 480 (15)
36, 61, 71, 205, 377, 394, 438 (15)
36, 61, 71, 205, 377, 394, 480 (14)
36, 61, 71, 205, 377, 438, 480 (15)
36, 61, 71, 205, 394, 438, 480 (14)
36, 61, 71, 300, 377, 394, 438 (15)
36, 61, 71, 300, 377, 394, 480 (14)
36, 61, 71, 300, 377, 438, 480 (15)
36, 61, 71, 300, 394, 438, 480 (14)
36, 61, 71, 377, 394, 438, 480 (14)
36, 61, 205, 300, 377, 394, 438 (15)
36, 61, 205, 300, 377, 394, 480 (14)
36, 61, 205, 300, 377, 438, 480 (15)
36, 61, 205, 300, 394, 438, 480 (14)
36, 61, 205, 377, 394, 438, 480 (14)
36, 61, 300, 377, 394, 438, 480 (14)
36, 70, 71, 205, 300, 377, 394 (15)
36, 70, 71, 205, 300, 377, 438 (16)
36, 70, 71, 205, 300, 377, 480 (15)
36, 70, 71, 205, 300, 394, 438 (15)
36, 70, 71, 205, 300, 394, 480 (14)
36, 70, 71, 205, 300, 438, 480 (15)
36, 70, 71, 205, 377, 394, 438 (15)
36, 70, 71, 205, 377, 394, 480 (14)
36, 70, 71, 205, 377, 438, 480 (15)
36, 70, 71, 205, 394, 438, 480 (14)
36, 70, 71, 300, 377, 394, 438 (15)
36, 70, 71, 300, 377, 394, 480 (14)
36, 70, 71, 300, 377, 438, 480 (15)
36, 70, 71, 300, 394, 438, 480 (14)
36, 70, 71, 377, 394, 438, 480 (14)
36, 70, 205, 300, 377, 394, 438 (15)
36, 70, 205, 300, 377, 394, 480 (14)
36, 70, 205, 300, 377, 438, 480 (15)
36, 70, 205, 300, 394, 438, 480 (14)
36, 70, 205, 377, 394, 438, 480 (14)
36, 70, 300, 377, 394, 438, 480 (14)
36, 71, 205, 300, 377, 394, 438 (15)
36, 71, 205, 300, 377, 394, 480 (14)
36, 71, 205, 300, 377, 438, 480 (15)
36, 71, 205, 300, 394, 438, 480 (14)
36, 71, 205, 377, 394, 438, 480 (14)
36, 71, 300, 377, 394, 438, 480 (14)
36, 205, 300, 377, 394, 438, 480 (14)
37, 53, 57, 111, 143, 145, 413 (13)
37, 73, 132, 222, 316, 343, 430 (10)
38, 45, 98, 112, 198, 263, 354 (11)
38, 45, 98, 112, 198, 263, 392 (11)
38, 45, 98, 112, 198, 354, 392 (11)
38, 45, 98, 112, 263, 354, 392 (11)
38, 45, 98, 198, 263, 354, 392 (11)
38, 45, 112, 198, 263, 354, 392 (11)
38, 98, 112, 198, 263, 354, 392 (11)
38, 316, 348, 355, 368, 373, 396 (11)
39, 262, 364, 388, 422, 450, 478 (10)
42, 110, 156, 165, 263, 277, 427 (15)
43, 61, 93, 108, 185, 354, 420 (16)
43, 61, 93, 108, 185, 354, 489 (17)
43, 61, 93, 108, 185, 420, 489 (17)
43, 61, 93, 108, 354, 420, 489 (17)
43, 61, 93, 185, 354, 420, 489 (17)
43, 61, 108, 185, 354, 420, 489 (16)
43, 93, 108, 185, 354, 420, 489 (16)
45, 55, 204, 222, 236, 239, 416 (13)
45, 98, 112, 198, 263, 354, 392 (12)
45, 132, 146, 234, 368, 390, 469 (13)
53, 124, 205, 266, 326, 411, 480 (14)
53, 130, 180, 230, 239, 285, 299 (10)
53, 130, 180, 230, 239, 285, 354 (10)
53, 130, 180, 230, 239, 299, 354 (10)
53, 130, 180, 230, 285, 299, 354 (10)
53, 130, 180, 239, 285, 299, 354 (12)
53, 130, 230, 239, 285, 299, 354 (11)
53, 180, 230, 239, 285, 299, 354 (10)
55, 140, 162, 227, 242, 305, 470 (11)
61, 70, 71, 205, 300, 377, 394 (15)
61, 70, 71, 205, 300, 377, 438 (16)
61, 70, 71, 205, 300, 377, 480 (15)
61, 70, 71, 205, 300, 394, 438 (15)
61, 70, 71, 205, 300, 394, 480 (14)
61, 70, 71, 205, 300, 438, 480 (15)
61, 70, 71, 205, 377, 394, 438 (15)
61, 70, 71, 205, 377, 394, 480 (14)
61, 70, 71, 205, 377, 438, 480 (15)
61, 70, 71, 205, 394, 438, 480 (14)
61, 70, 71, 300, 377, 394, 438 (15)
61, 70, 71, 300, 377, 394, 480 (14)
61, 70, 71, 300, 377, 438, 480 (15)
61, 70, 71, 300, 394, 438, 480 (14)
61, 70, 71, 377, 394, 438, 480 (14)
61, 70, 205, 300, 377, 394, 438 (15)
61, 70, 205, 300, 377, 394, 480 (14)
61, 70, 205, 300, 377, 438, 480 (15)
61, 70, 205, 300, 394, 438, 480 (14)
61, 70, 205, 377, 394, 438, 480 (14)
61, 70, 300, 377, 394, 438, 480 (14)
61, 71, 205, 300, 377, 394, 438 (15)
61, 71, 205, 300, 377, 394, 480 (14)
61, 71, 205, 300, 377, 438, 480 (15)
61, 71, 205, 300, 394, 438, 480 (14)
61, 71, 205, 377, 394, 438, 480 (14)
61, 71, 300, 377, 394, 438, 480 (14)
61, 93, 108, 185, 354, 420, 489 (16)
61, 205, 300, 377, 394, 438, 480 (14)
63, 201, 332, 350, 362, 381, 477 (13)
65, 71, 110, 307, 328, 338, 401 (14)
69, 111, 229, 242, 354, 443, 494 (11)
70, 71, 205, 300, 377, 394, 438 (15)
70, 71, 205, 300, 377, 394, 480 (14)
70, 71, 205, 300, 377, 438, 480 (15)
70, 71, 205, 300, 394, 438, 480 (14)
70, 71, 205, 377, 394, 438, 480 (14)
70, 71, 300, 377, 394, 438, 480 (14)
70, 130, 143, 159, 177, 240, 393 (11)
70, 145, 162, 202, 217, 310, 461 (10)
70, 205, 300, 377, 394, 438, 480 (14)
71, 104, 132, 161, 234, 350, 421 (11)
71, 104, 132, 161, 234, 350, 459 (11)
71, 161, 242, 280, 368, 421, 427 (11)
71, 205, 300, 377, 394, 438, 480 (14)
73, 82, 100, 125, 470, 477, 489 (11)
82, 97, 175, 309, 377, 461, 494 (10)
89, 163, 217, 266, 465, 478, 489 (15)
90, 175, 204, 205, 364, 373, 438 (10)
91, 143, 216, 217, 241, 286, 290 (11)
91, 143, 216, 217, 249, 286, 290 (10)
104, 132, 161, 234, 350, 421, 459 (10)
105, 112, 120, 154, 343, 360, 405 (15)
105, 112, 120, 154, 343, 360, 419 (14)
105, 112, 120, 154, 343, 405, 419 (13)
105, 112, 120, 154, 360, 405, 419 (13)
105, 112, 120, 343, 360, 405, 419 (14)
105, 112, 154, 343, 360, 405, 419 (13)
105, 120, 154, 343, 360, 405, 419 (14)
112, 120, 154, 343, 360, 405, 419 (13)
115, 196, 249, 285, 289, 362, 443 (14)
115, 196, 249, 285, 289, 362, 470 (14)
115, 196, 249, 285, 289, 443, 470 (14)
115, 196, 249, 285, 362, 443, 470 (14)
115, 196, 249, 289, 362, 443, 470 (15)
115, 196, 285, 289, 362, 443, 470 (16)
115, 249, 285, 289, 362, 443, 470 (14)
120, 132, 160, 350, 419, 438, 490 (11)
120, 190, 322, 367, 414, 486, 490 (11)
127, 175, 279, 381, 414, 427, 428 (14)
130, 180, 230, 239, 285, 299, 354 (11)
132, 145, 322, 346, 365, 408, 474 (14)
140, 145, 197, 205, 239, 419, 475 (11)
145, 318, 368, 412, 427, 460, 474 (12)
183, 319, 339, 357, 377, 387, 460 (11)
187, 196, 217, 306, 333, 359, 413 (15)
187, 196, 217, 306, 333, 359, 424 (15)
187, 196, 217, 306, 333, 359, 443 (15)
187, 196, 217, 306, 333, 359, 471 (14)
187, 196, 217, 306, 333, 413, 424 (16)
187, 196, 217, 306, 333, 413, 443 (15)
187, 196, 217, 306, 333, 413, 471 (15)
187, 196, 217, 306, 333, 424, 443 (15)
187, 196, 217, 306, 333, 424, 471 (15)
187, 196, 217, 306, 333, 443, 471 (14)
187, 196, 217, 306, 359, 413, 424 (16)
187, 196, 217, 306, 359, 413, 443 (16)
187, 196, 217, 306, 359, 413, 471 (15)
187, 196, 217, 306, 359, 424, 443 (16)
187, 196, 217, 306, 359, 424, 471 (15)
187, 196, 217, 306, 359, 443, 471 (15)
187, 196, 217, 306, 413, 424, 443 (16)
187, 196, 217, 306, 413, 424, 471 (16)
187, 196, 217, 306, 413, 443, 471 (15)
187, 196, 217, 306, 424, 443, 471 (15)
187, 196, 217, 333, 359, 413, 424 (16)
187, 196, 217, 333, 359, 413, 443 (16)
187, 196, 217, 333, 359, 413, 471 (15)
187, 196, 217, 333, 359, 424, 443 (16)
187, 196, 217, 333, 359, 424, 471 (15)
187, 196, 217, 333, 359, 443, 471 (15)
187, 196, 217, 333, 413, 424, 443 (16)
187, 196, 217, 333, 413, 424, 471 (16)
187, 196, 217, 333, 413, 443, 471 (15)
187, 196, 217, 333, 424, 443, 471 (15)
187, 196, 217, 359, 413, 424, 443 (17)
187, 196, 217, 359, 413, 424, 471 (16)
187, 196, 217, 359, 413, 443, 471 (16)
187, 196, 217, 359, 424, 443, 471 (16)
187, 196, 217, 413, 424, 443, 471 (16)
187, 196, 306, 333, 359, 413, 424 (16)
187, 196, 306, 333, 359, 413, 443 (16)
187, 196, 306, 333, 359, 413, 471 (15)
187, 196, 306, 333, 359, 424, 443 (16)
187, 196, 306, 333, 359, 424, 471 (15)
187, 196, 306, 333, 359, 443, 471 (15)
187, 196, 306, 333, 413, 424, 443 (16)
187, 196, 306, 333, 413, 424, 471 (16)
187, 196, 306, 333, 413, 443, 471 (15)
187, 196, 306, 333, 424, 443, 471 (15)
187, 196, 306, 359, 413, 424, 443 (17)
187, 196, 306, 359, 413, 424, 471 (16)
187, 196, 306, 359, 413, 443, 471 (16)
187, 196, 306, 359, 424, 443, 471 (16)
187, 196, 306, 413, 424, 443, 471 (16)
187, 196, 333, 359, 413, 424, 443 (17)
187, 196, 333, 359, 413, 424, 471 (16)
187, 196, 333, 359, 413, 443, 471 (16)
187, 196, 333, 359, 424, 443, 471 (16)
187, 196, 333, 413, 424, 443, 471 (16)
187, 196, 359, 413, 424, 443, 471 (17)
187, 217, 306, 333, 359, 413, 424 (15)
187, 217, 306, 333, 359, 413, 443 (15)
187, 217, 306, 333, 359, 413, 471 (14)
187, 217, 306, 333, 359, 424, 443 (15)
187, 217, 306, 333, 359, 424, 471 (14)
187, 217, 306, 333, 359, 443, 471 (14)
187, 217, 306, 333, 413, 424, 443 (15)
187, 217, 306, 333, 413, 424, 471 (15)
187, 217, 306, 333, 413, 443, 471 (14)
187, 217, 306, 333, 424, 443, 471 (14)
187, 217, 306, 359, 413, 424, 443 (16)
187, 217, 306, 359, 413, 424, 471 (15)
187, 217, 306, 359, 413, 443, 471 (15)
187, 217, 306, 359, 424, 443, 471 (15)
187, 217, 306, 413, 424, 443, 471 (15)
187, 217, 333, 359, 413, 424, 443 (17)
187, 217, 333, 359, 413, 424, 471 (16)
187, 217, 333, 359, 413, 443, 471 (16)
187, 217, 333, 359, 424, 443, 471 (16)
187, 217, 333, 413, 424, 443, 471 (16)
187, 217, 359, 413, 424, 443, 471 (17)
187, 306, 333, 359, 413, 424, 443 (16)
187, 306, 333, 359, 413, 424, 471 (15)
187, 306, 333, 359, 413, 443, 471 (15)
187, 306, 333, 359, 424, 443, 471 (15)
187, 306, 333, 413, 424, 443, 471 (15)
187, 306, 359, 413, 424, 443, 471 (16)
187, 333, 359, 413, 424, 443, 471 (17)
196, 217, 306, 333, 359, 413, 424 (16)
196, 217, 306, 333, 359, 413, 443 (16)
196, 217, 306, 333, 359, 413, 471 (15)
196, 217, 306, 333, 359, 424, 443 (16)
196, 217, 306, 333, 359, 424, 471 (15)
196, 217, 306, 333, 359, 443, 471 (15)
196, 217, 306, 333, 413, 424, 443 (16)
196, 217, 306, 333, 413, 424, 471 (16)
196, 217, 306, 333, 413, 443, 471 (15)
196, 217, 306, 333, 424, 443, 471 (15)
196, 217, 306, 359, 413, 424, 443 (17)
196, 217, 306, 359, 413, 424, 471 (16)
196, 217, 306, 359, 413, 443, 471 (16)
196, 217, 306, 359, 424, 443, 471 (16)
196, 217, 306, 413, 424, 443, 471 (16)
196, 217, 333, 359, 413, 424, 443 (17)
196, 217, 333, 359, 413, 424, 471 (16)
196, 217, 333, 359, 413, 443, 471 (16)
196, 217, 333, 359, 424, 443, 471 (16)
196, 217, 333, 413, 424, 443, 471 (16)
196, 217, 359, 413, 424, 443, 471 (17)
196, 249, 285, 289, 362, 443, 470 (15)
196, 306, 333, 359, 413, 424, 443 (17)
196, 306, 333, 359, 413, 424, 471 (16)
196, 306, 333, 359, 413, 443, 471 (16)
196, 306, 333, 359, 424, 443, 471 (16)
196, 306, 333, 413, 424, 443, 471 (16)
196, 306, 359, 413, 424, 443, 471 (17)
196, 333, 359, 413, 424, 443, 471 (17)
216, 286, 338, 354, 402, 414, 442 (16)
216, 286, 338, 354, 402, 414, 470 (15)
216, 286, 338, 354, 402, 442, 470 (15)
216, 286, 338, 354, 414, 442, 470 (15)
216, 286, 338, 402, 414, 442, 470 (15)
216, 286, 354, 402, 414, 442, 470 (15)
216, 338, 354, 402, 414, 442, 470 (15)
217, 306, 333, 359, 413, 424, 443 (17)
217, 306, 333, 359, 413, 424, 471 (16)
217, 306, 333, 359, 413, 443, 471 (16)
217, 306, 333, 359, 424, 443, 471 (16)
217, 306, 333, 413, 424, 443, 471 (16)
217, 306, 359, 413, 424, 443, 471 (17)
217, 333, 359, 413, 424, 443, 471 (18)
286, 338, 354, 402, 414, 442, 470 (15)
306, 333, 359, 413, 424, 443, 471 (17)
309, 314, 354, 377, 381, 390, 448 (10)
